Reference Amplitude (V)	6300Hz	6350Hz	6400Hz	6450Hz	6500Hz	6550Hz	6600Hz	6650Hz	6700Hz	6750Hz	6800Hz	6850Hz	6900Hz	6950Hz	7000Hz	7050Hz	7100Hz	7150Hz	7200Hz	7250Hz	7300Hz	7350Hz	7400Hz	7450Hz	7500Hz	7550Hz	7600Hz	7650Hz	7700Hz	7750Hz	7800Hz	7850Hz	7900Hz	7950Hz	8000Hz
0.02	0.000802931	0.00109877	0.00135492	0.00126719	0.00123476	0.000919176	0.000894579	0.0010559	0.000985076	0.00155058	0.00114013	0.00112544	0.00104358	0.00125452	0.00127415	0.000956143	0.00128366	0.00139598	0.00171255	0.00116012	0.00125419	0.00146045	0.00129148	0.000813903	0.00129269	0.00158145	0.000984078	0.00149051	0.00117469	0.0014746	0.00143002	0.00147423	0.00152304	0.00141269	0.00131187
0.023	0.00583087	0.710077	0.776797	0.894368	0.848698	0.820181	0.803374	0.791166	0.77895	0.741144	0.738977	0.719417	0.0013586	0.699623	0.689028	0.689452	0.678487	0.625903	0.401759	0.850931	0.786454	0.755758	0.74902	0.723709	0.718138	0.711977	0.697385	0.695598	0.699643	0.675954	0.688667	0.671815	0.665286	0.639035	0.667662
0.026	0.62478	0.332354	0.839132	0.77575	0.738753	0.715983	0.695054	0.678603	0.673048	0.630666	0.62269	0.599117	0.588404	0.571587	0.588471	0.561828	0.502467	0.273198	0.780296	0.69091	0.650939	0.639206	0.624547	0.604818	0.604384	0.599663	0.578751	0.580879	0.570443	0.563196	0.561921	0.54495	0.508848	0.546108	0.523548
0.029	0.716094	0.427979	0.886123	0.840125	0.813126	0.796473	0.781017	0.769549	0.762855	0.72873	0.72071	0.70652	0.68875	0.680484	0.684602	0.661216	0.611876	0.357427	0.838236	0.77536	0.745929	0.727786	0.72099	0.707627	0.701271	0.686929	0.686301	0.678778	0.673102	0.661571	0.665383	0.650896	0.617627	0.655446	0.634887
0.032	0.74757	0.47354	0.898888	0.862204	0.840852	0.821467	0.812111	0.804848	0.791137	0.760246	0.751343	0.738985	0.731038	0.714496	0.725789	0.694404	0.658925	0.395622	0.860498	0.805645	0.778671	0.766944	0.756885	0.744691	0.737786	0.728272	0.720219	0.720763	0.717902	0.710609	0.705712	0.693839	0.667501	0.695175	0.676357
0.035	0.78085	0.515282	0.914917	0.880778	0.86159	0.847281	0.831129	0.826937	0.817387	0.791539	0.78474	0.774407	0.759497	0.755041	0.752187	0.738012	0.691989	0.439183	0.881221	0.828839	0.807707	0.791779	0.787128	0.768314	0.760327	0.761871	0.757386	0.751977	0.745775	0.741726	0.734956	0.724773	0.695783	0.733624	0.718018
0.038	0.800891	0.569498	0.921978	0.891988	0.875082	0.863439	0.853824	0.848597	0.837768	0.812307	0.807623	0.800001	0.789159	0.778804	0.78159	0.765971	0.725642	0.479733	0.893892	0.848617	0.827744	0.816792	0.807935	0.793926	0.79266	0.785345	0.781793	0.772714	0.77075	0.771908	0.76214	0.756467	0.727233	0.759998	0.745548
0.041	0.822052	0.628174	0.931772	0.904233	0.88966	0.879544	0.871144	0.861139	0.857843	0.835544	0.82725	0.816046	0.809189	0.799096	0.80725	0.785816	0.743856	0.513845	0.905175	0.861724	0.843726	0.834186	0.825259	0.820045	0.817385	0.805356	0.80422	0.797779	0.795082	0.788695	0.787138	0.781095	0.758852	0.783709	0.776354
0.044	0.838207	0.717105	0.935479	0.912902	0.900443	0.88757	0.883278	0.874606	0.869474	0.848628	0.84469	0.836457	0.824516	0.816187	0.822256	0.811203	0.770717	0.554368	0.912518	0.878062	0.858897	0.849445	0.845509	0.835378	0.835539	0.826795	0.826871	0.819535	0.815418	0.81314	0.806622	0.802542	0.786849	0.805414	0.792721
0.047	0.852633	0.821369	0.940816	0.917532	0.908305	0.898107	0.8924	0.886971	0.881744	0.86137	0.860722	0.853238	0.841595	0.833202	0.837416	0.824451	0.787542	0.589482	0.921682	0.887589	0.872662	0.870766	0.858826	0.85351	0.849174	0.841359	0.841631	0.832349	0.832949	0.831235	0.822835	0.815029	0.80738	0.820672	0.805123
0.05	0.86217	0.926587	0.944081	0.926789	0.917048	0.908536	0.899724	0.896492	0.892162	0.87348	0.874157	0.862299	0.855959	0.845799	0.854078	0.837902	0.806896	0.604239	0.924984	0.898223	0.879773	0.873068	0.870409	0.865853	0.862326	0.851715	0.854498	0.847343	0.845542	0.841262	0.837307	0.835404	0.827422	0.834289	0.826319
0.053	0.872699	0.960118	0.948072	0.932465	0.922717	0.913047	0.908858	0.904506	0.903083	0.883252	0.883363	0.872866	0.864733	0.857031	0.865727	0.851261	0.819996	0.637911	0.930261	0.902263	0.889961	0.884809	0.881461	0.8772	0.870699	0.863215	0.865152	0.862252	0.860119	0.855871	0.848816	0.833766	0.842717	0.850276	0.837296
0.056	0.880952	0.965505	0.95194	0.936817	0.924388	0.919877	0.914051	0.91254	0.907412	0.895912	0.89171	0.883104	0.878248	0.870822	0.871154	0.865133	0.834913	0.672316	0.318001	0.349955	0.413654	0.49762	0.64719	0.766055	0.881944	0.875686	0.87711	0.868398	0.869272	0.865789	0.858423	0.833022	0.853992	0.8602	0.852715
0.059	0.887424	0.968119	0.954698	0.940748	0.931377	0.926335	0.919253	0.918185	0.911665	0.900233	0.897823	0.890367	0.885641	0.878585	0.88362	0.873382	0.842586	0.700517	0.311385	0.339635	0.395418	0.473575	0.594898	0.695382	0.888895	0.882574	0.882162	0.87864	0.877057	0.87491	0.873452	0.830135	0.868457	0.865568	0.860571
0.062	0.892893	0.971128	0.956922	0.943648	0.937437	0.92924	0.927586	0.923126	0.918917	0.908126	0.906176	0.896654	0.895022	0.88531	0.88849	0.88178	0.852802	0.737873	0.313475	0.332663	0.386863	0.458812	0.567217	0.667138	0.892652	0.888795	0.893338	0.884198	0.881332	0.882708	0.882526	0.829252	0.878268	0.873508	0.872315
0.065	0.899262	0.972514	0.958297	0.946573	0.940645	0.933666	0.930063	0.927412	0.922507	0.913178	0.909704	0.903219	0.900585	0.893022	0.89588	0.887945	0.859433	0.770197	0.314823	0.330287	0.382472	0.452116	0.566973	0.64994	0.887415	0.897519	0.896588	0.893182	0.889364	0.886878	0.885878	0.826782	0.885298	0.885583	0.875875
0.068	0.906833	0.97409	0.960161	0.949738	0.945157	0.940605	0.935255	0.930679	0.927858	0.918255	0.91549	0.910481	0.904729	0.900304	0.0584108	0.0695393	0.0788962	0.804277	0.31451	0.335679	0.378801	0.447297	0.56907	0.646867	0.887503	0.90214	0.904293	0.89961	0.89797	0.896239	0.892756	0.86129	0.890589	0.889374	0.882132
0.071	0.911987	0.97496	0.96318	0.952662	0.94751	0.942398	0.937847	0.935906	0.934385	0.923035	0.921976	0.914589	0.912542	0.904563	0.0634214	0.074679	0.0813844	0.836318	0.319626	0.333778	0.384252	0.4424	0.581479	0.662662	0.890869	0.908431	0.910149	0.907464	0.903977	0.899578	0.896367	0.883986	0.895829	0.896279	0.889733
0.074	0.917646	0.975881	0.964531	0.955249	0.949569	0.944153	0.942477	0.940037	0.937175	0.927538	0.924265	0.919789	0.916588	0.90773	0.0653917	0.0760073	0.0850237	0.0893153	0.324227	0.338798	0.392352	0.449148	0.592919	0.677826	0.907742	0.913663	0.917139	0.908079	0.911103	0.90667	0.906623	0.901759	0.904428	0.903824	0.896963
0.077	0.920619	0.977265	0.965568	0.956512	0.952145	0.946516	0.943847	0.94059	0.939589	0.931451	0.929827	0.924767	0.921123	0.0517961	0.0660991	0.0776406	0.0866212	0.106173	0.326322	0.343062	0.399307	0.452352	0.595939	0.693523	0.916125	0.920231	0.92035	0.915768	0.914728	0.91207	0.911417	0.908992	0.908343	0.906769	0.900073
0.08	0.923053	0.977636	0.967646	0.959641	0.954666	0.950082	0.946663	0.945367	0.943826	0.935195	0.931769	0.926944	0.924427	0.0560803	0.0692745	0.0803994	0.0882343	0.126338	0.334091	0.347361	0.407405	0.469713	0.616939	0.713449	0.924404	0.923767	0.923785	0.920226	0.91993	0.915576	0.913562	0.91245	0.910738	0.913721	0.90451
0.083	0.925414	0.978123	0.968561	0.959943	0.957057	0.952404	0.949475	0.946308	0.94508	0.939926	0.93583	0.0464032	0.0513686	0.0581725	0.0704802	0.0831422	0.0908929	0.15052	0.340029	0.352967	0.414709	0.483761	0.627782	0.726479	0.92977	0.926307	0.927845	0.925392	0.923154	0.920135	0.917822	0.916119	0.920508	0.91564	0.909408
0.086	0.929931	0.978997	0.969701	0.962184	0.958835	0.953802	0.95241	0.950313	0.94818	0.941991	0.0428766	0.0509427	0.0557365	0.0604303	0.0737069	0.0848123	0.0914081	0.175942	0.348159	0.355417	0.42612	0.494009	0.645343	0.746271	0.933673	0.930002	0.928374	0.928707	0.926649	0.923905	0.921793	0.919321	0.921474	0.920041	0.91454
0.089	0.933409	0.979292	0.970818	0.963069	0.960065	0.956241	0.953277	0.95213	0.950512	0.946078	0.0469185	0.0524284	0.0574963	0.061514	0.0751469	0.0870111	0.0930317	0.201931	0.35256	0.364426	0.431234	0.512559	0.656193	0.761082	0.936201	0.933675	0.933074	0.931578	0.931383	0.928279	0.925549	0.922533	0.923171	0.923383	0.920245
0.092	0.937116	0.979755	0.971112	0.96474	0.96086	0.957747	0.956612	0.954078	0.952147	0.946751	0.0490428	0.0531737	0.0595768	0.0650448	0.0790042	0.090544	0.0958471	0.228579	0.357259	0.372909	0.440285	0.521725	0.662484	0.781178	0.940109	0.936835	0.936708	0.933491	0.932713	0.929995	0.931049	0.928257	0.928424	0.926471	0.92331
0.095	0.937385	0.979953	0.972117	0.966436	0.962449	0.960022	0.958731	0.955686	0.955593	0.0440597	0.0499599	0.0550708	0.061926	0.0662638	0.0813711	0.0927606	0.0968499	0.245258	0.364445	0.37735	0.448626	0.532601	0.674702	0.791631	0.942563	0.939182	0.939701	0.93706	0.934785	0.934178	0.933109	0.92975	0.933095	0.929566	0.926136
0.098	0.940028	0.980584	0.973056	0.967253	0.962858	0.960944	0.959587	0.958595	0.956551	0.0451478	0.0517397	0.0574298	0.0643879	0.0676969	0.0819444	0.0967536	0.0992395	0.261595	0.371478	0.387941	0.449934	0.546368	0.670961	0.8025	0.944292	0.942774	0.941947	0.938404	0.938138	0.937776	0.937043	0.934381	0.935889	0.933966	0.931472
0.101	0.940538	0.981169	0.973907	0.968539	0.963754	0.961784	0.959015	0.95982	0.958107	0.047034	0.0526188	0.0602406	0.065808	0.0688594	0.0845499	0.0990362	0.102287	0.274072	0.379452	0.392872	0.454293	0.560933	0.686548	0.818204	0.946222	0.943584	0.943833	0.942268	0.93989	0.938166	0.939448	0.935335	0.939227	0.936086	0.932189
0.104	0.943914	0.98123	0.974217	0.96873	0.965357	0.963765	0.962242	0.960987	0.959926	0.0480913	0.0549789	0.0597696	0.0687834	0.0698378	0.0878304	0.101331	0.104296	0.286391	0.384708	0.399453	0.468191	0.552275	0.694862	0.838562	0.947932	0.946481	0.94743	0.944087	0.943141	0.941864	0.941744	0.938488	0.941484	0.939127	0.934006
0.107	0.945383	0.98156	0.974958	0.9697	0.966945	0.964574	0.963629	0.961983	0.960696	0.0498701	0.0570222	0.0611554	0.0700569	0.0728111	0.0913861	0.103369	0.108551	0.295151	0.39095	0.405889	0.477957	0.570674	0.706582	0.847631	0.950633	0.949001	0.948777	0.948133	0.945315	0.944403	0.943205	0.942169	0.944081	0.943168	0.937295
0.11	0.947975	0.981565	0.976045	0.971171	0.968247	0.965609	0.964915	0.963109	0.962402	0.0508076	0.0575285	0.0612563	0.0727389	0.0731638	0.092617	0.107369	0.111226	0.305993	0.39543	0.413272	0.481715	0.575037	0.71541	0.869029	0.951788	0.950194	0.951027	0.948911	0.947564	0.945937	0.945563	0.943351	0.945858	0.945135	0.94064
0.113	0.949723	0.981834	0.97605	0.971934	0.969052	0.967159	0.966366	0.965593	0.963309	0.0530168	0.0603187	0.060863	0.0734351	0.0754445	0.0959437	0.109081	0.110152	0.318832	0.402804	0.421445	0.494019	0.586199	0.721305	0.881543	0.954993	0.953185	0.953232	0.950975	0.949871	0.946715	0.94799	0.945704	0.946789	0.946686	0.942248
0.116	0.949404	0.982452	0.976605	0.972424	0.969293	0.96836	0.96671	0.965321	0.964383	0.0539801	0.061019	0.0608293	0.0760975	0.079155	0.0979741	0.111678	0.114227	0.325594	0.416636	0.429894	0.502591	0.590665	0.739853	0.888318	0.955768	0.953654	0.954161	0.952995	0.950768	0.950819	0.950862	0.948015	0.949968	0.947658	0.945081
0.119	0.951059	0.982048	0.977338	0.973079	0.97099	0.968234	0.96778	0.966634	0.965217	0.055758	0.0639296	0.0614566	0.0775428	0.0818256	0.101116	0.112734	0.115425	0.332998	0.42344	0.435574	0.508427	0.601558	0.754161	0.899255	0.957424	0.955296	0.956529	0.954461	0.953692	0.952489	0.952767	0.948569	0.950092	0.951231	0.945589
0.122	0.95255	0.982531	0.977868	0.973981	0.971068	0.969313	0.968948	0.967133	0.967224	0.0580268	0.0648972	0.0629235	0.0798139	0.0816675	0.103749	0.117187	0.116269	0.341563	0.429626	0.446213	0.514909	0.610144	0.757111	0.910539	0.958398	0.95637	0.958253	0.95627	0.954726	0.955275	0.954435	0.951867	0.953337	0.951679	0.948414
0.125	0.954003	0.983006	0.978285	0.974254	0.972557	0.970683	0.969518	0.969216	0.050053	0.0594955	0.0670722	0.0690538	0.0821429	0.0845243	0.105972	0.119504	0.118952	0.350095	0.434944	0.454583	0.518928	0.62093	0.769746	0.925261	0.960324	0.958129	0.958634	0.957386	0.956324	0.956204	0.956457	0.954995	0.95439	0.953718	0.949487
0.128	0.956029	0.98272	0.978503	0.975445	0.973306	0.971054	0.970414	0.968501	0.0553841	0.0613396	0.0681199	0.0730311	0.0854199	0.0876306	0.108509	0.123062	0.120546	0.359278	0.440801	0.457291	0.525287	0.627132	0.778298	0.938805	0.961734	0.960038	0.960991	0.95979	0.957827	0.957116	0.958476	0.956673	0.956137	0.955322	0.952322
