Reference Amplitude (V)	6300Hz	6350Hz	6400Hz	6450Hz	6500Hz	6550Hz	6600Hz	6650Hz	6700Hz	6750Hz	6800Hz	6850Hz	6900Hz	6950Hz	7000Hz	7050Hz	7100Hz	7150Hz	7200Hz	7250Hz	7300Hz	7350Hz	7400Hz	7450Hz	7500Hz	7550Hz	7600Hz	7650Hz	7700Hz	7750Hz	7800Hz	7850Hz	7900Hz	7950Hz	8000Hz
0.02	1.99383e-005	1.18611e-005	2.4047e-005	1.9575e-005	9.33487e-006	1.85389e-005	2.97678e-005	2.83682e-005	2.27706e-005	1.49141e-005	1.53189e-005	8.09473e-006	5.40407e-006	1.51515e-005	4.40097e-006	9.03377e-006	9.5483e-006	8.1349e-006	8.5124e-006	6.79053e-006	7.22047e-006	2.35503e-005	3.51461e-006	4.11491e-005	9.6646e-006	1.09806e-005	1.17987e-005	1.43428e-005	4.79602e-006	1.00167e-005	7.32839e-006	8.73503e-006	1.18596e-005	9.26766e-006	1.25468e-005
0.023	2.1717e-005	1.13712e-005	1.56393e-005	1.53567e-005	1.18642e-005	2.21751e-005	1.40119e-005	1.89606e-005	4.17993e-006	1.64734e-005	1.68961e-005	1.30163e-005	1.2313e-005	1.46292e-005	2.58038e-006	2.26846e-005	1.31882e-005	1.85509e-005	5.99403e-006	6.71782e-006	3.35369e-005	2.55604e-005	9.22882e-006	1.23394e-005	1.14798e-005	2.31549e-005	5.69446e-006	4.85507e-006	1.2517e-005	1.85797e-005	1.4392e-005	2.16778e-005	1.69734e-005	1.097e-005	1.9179e-005
0.026	1.24018e-005	8.85237e-006	2.46286e-005	1.20629e-005	6.95263e-006	2.57013e-005	2.92256e-005	1.17824e-005	5.77206e-006	3.90543e-006	1.11554e-005	7.46187e-006	1.04074e-005	1.03006e-005	1.95806e-005	2.14673e-005	1.45649e-005	1.31705e-005	1.64023e-005	3.33287e-006	2.97699e-005	3.8565e-005	1.30119e-005	1.46933e-005	9.99719e-006	1.57226e-005	4.85364e-005	1.19837e-005	1.38007e-005	3.2965e-005	5.70685e-006	2.51954e-005	9.40567e-006	6.77533e-006	1.32814e-005
0.029	1.54685e-005	1.32544e-006	6.96372e-006	1.73639e-005	9.11461e-006	1.72462e-005	1.18196e-005	1.18605e-005	1.41065e-005	2.02125e-005	3.98253e-005	1.61445e-005	1.73143e-005	1.08717e-005	8.76351e-006	7.08575e-006	2.63491e-005	1.96983e-005	6.25093e-006	2.51522e-005	2.4949e-005	2.88571e-005	1.65013e-005	1.15486e-005	2.55854e-005	1.8005e-005	2.83255e-005	1.79934e-005	1.54289e-005	6.78067e-006	2.28472e-005	6.81599e-006	1.63738e-005	1.19249e-005	1.01593e-005
0.032	1.60413e-005	2.23701e-005	1.29491e-005	1.25057e-005	1.94817e-005	1.71182e-005	5.39511e-006	1.27936e-005	2.51246e-005	1.26791e-005	1.52347e-005	4.57739e-006	1.34755e-005	2.34162e-005	2.76095e-005	2.32065e-005	3.19623e-005	2.38309e-005	1.24219e-005	2.35341e-005	9.5251e-006	2.42672e-005	2.57114e-005	6.69195e-006	1.08002e-005	4.88109e-006	5.78668e-007	2.64003e-005	1.74544e-005	1.37614e-005	2.09222e-005	2.69915e-005	3.1785e-005	1.38234e-005	9.5841e-006
0.035	1.20076e-005	5.94153e-006	6.81103e-006	1.46737e-005	1.34162e-005	1.41259e-005	2.98382e-005	7.96636e-006	1.85996e-006	1.68899e-005	1.46169e-005	1.00862e-005	1.21208e-005	1.08322e-005	2.89506e-005	1.68865e-005	6.78012e-006	1.75749e-005	2.38388e-005	1.66677e-005	2.63677e-005	7.90859e-006	6.99034e-006	1.21206e-005	1.44582e-005	1.50554e-005	2.67308e-005	7.73154e-006	2.05186e-005	1.72086e-005	6.27859e-006	1.81854e-005	1.99282e-005	2.05039e-005	3.16029e-005
0.038	3.17574e-006	7.03752e-006	1.92339e-006	2.50718e-005	1.0593e-005	1.49558e-005	1.17493e-005	1.89329e-005	4.34513e-006	1.26793e-005	1.47467e-005	1.20706e-005	9.39736e-006	2.42255e-005	1.27431e-005	6.32173e-006	1.49061e-005	1.02649e-005	2.01632e-005	1.5242e-005	1.40235e-005	1.20765e-005	2.59256e-005	1.37077e-005	1.42593e-005	1.55717e-005	3.26507e-005	2.0184e-005	2.5806e-005	1.19615e-005	5.92758e-006	1.65524e-005	1.76023e-005	5.33633e-006	1.11481e-005
0.041	4.38912e-006	6.18939e-006	2.83488e-005	1.17103e-005	1.58754e-005	4.73825e-006	1.02887e-005	2.36074e-005	1.84711e-005	5.1298e-006	1.47358e-005	8.58033e-006	3.25246e-005	1.71562e-005	2.71184e-006	1.26406e-005	1.19145e-005	2.21861e-005	3.23064e-005	1.10508e-005	2.7964e-005	1.88046e-005	2.16626e-005	1.11723e-006	2.56525e-005	1.13496e-005	4.76606e-005	1.35172e-005	2.01452e-005	2.98233e-005	1.78029e-005	5.41545e-006	2.28995e-005	9.35805e-006	2.30081e-006
0.044	8.78638e-006	1.60754e-005	5.51926e-006	7.51494e-006	1.31867e-005	1.90267e-005	1.22322e-005	2.55959e-005	1.09304e-005	1.61526e-005	1.78341e-006	1.57409e-005	1.68718e-005	3.77408e-006	1.43652e-005	6.25144e-006	8.6071e-006	3.01719e-005	1.09896e-005	2.30498e-005	1.50322e-005	3.69355e-006	2.41925e-005	1.87986e-005	3.50361e-006	2.7323e-006	2.85827e-005	1.61081e-005	2.73725e-005	2.53188e-005	2.97959e-005	9.86552e-006	1.64377e-006	1.54608e-005	1.31322e-005
0.047	6.82199e-006	9.70374e-006	7.83481e-006	2.22034e-005	3.02722e-005	1.02336e-005	8.28338e-006	1.7497e-005	1.14606e-005	7.44569e-006	6.54319e-006	3.58013e-005	2.06953e-005	1.82102e-005	2.25427e-005	2.87746e-005	2.27429e-005	1.83827e-005	2.89853e-005	2.81415e-005	2.37118e-005	1.48025e-005	5.95311e-006	1.3136e-005	7.99067e-006	3.03355e-005	1.58741e-005	4.51985e-006	5.40597e-006	9.17325e-006	6.86538e-006	1.3917e-005	1.65862e-005	1.3256e-005	1.46417e-005
0.05	9.66735e-006	1.03102e-005	4.06561e-006	2.75772e-005	1.0021e-005	2.38963e-005	1.33978e-005	1.14606e-005	2.83581e-005	1.03699e-005	2.43759e-005	2.84827e-005	2.07245e-005	1.82188e-005	2.07107e-005	1.02809e-005	3.21223e-005	2.01435e-005	2.72355e-005	2.61766e-005	1.6416e-005	9.33122e-006	4.63543e-005	1.44269e-005	3.5907e-005	4.15638e-005	2.02513e-005	2.4871e-005	1.42394e-005	1.34209e-005	2.19171e-005	1.66961e-005	1.63955e-005	1.11516e-005	1.18727e-005
0.053	1.15839e-005	1.12457e-005	9.22994e-006	1.25148e-005	8.73036e-006	1.586e-005	6.87509e-006	2.46e-005	2.79789e-005	2.71682e-006	8.8179e-006	1.46529e-005	1.5609e-005	2.33567e-005	1.96918e-005	1.57609e-005	2.01049e-005	2.80256e-005	0.0231711	4.17076e-005	1.22642e-005	4.30655e-005	7.55346e-005	0.000219317	2.69374e-005	7.30115e-006	9.96611e-006	1.95966e-005	3.08798e-005	1.99401e-005	1.66971e-005	6.8119e-006	9.45592e-006	1.64728e-005	1.59989e-005
0.056	1.61597e-005	2.2167e-005	6.93573e-006	1.19644e-005	4.84445e-006	1.75804e-005	1.15656e-005	2.14004e-005	2.95828e-005	6.58183e-006	1.87953e-005	8.45873e-006	7.92299e-006	1.84881e-005	3.08506e-005	1.9307e-005	1.46456e-005	7.28817e-006	0.0235932	0.0180416	0.0146844	0.0118231	0.00774792	0.00505302	6.22841e-006	1.68249e-005	4.01036e-005	1.05206e-005	1.47669e-005	2.21775e-005	9.0428e-006	4.99385e-006	3.51677e-006	1.78266e-005	1.89647e-005
0.059	9.5858e-006	1.4534e-005	1.44501e-005	2.54828e-005	1.95503e-005	2.79113e-005	1.12851e-005	1.69773e-005	1.90294e-005	9.69789e-006	8.92849e-006	3.4037e-005	2.17829e-005	1.19771e-005	1.83047e-005	1.29211e-005	1.06351e-005	2.72475e-005	0.0248196	0.0197232	0.0160718	0.0132985	0.00978261	0.00726007	9.6288e-005	9.72528e-006	1.2542e-005	2.10515e-005	2.79465e-005	1.93669e-005	7.93136e-006	2.18908e-006	4.50424e-006	2.61118e-005	2.68712e-005
0.062	1.57297e-005	1.65283e-005	3.15077e-006	1.21221e-005	9.66625e-006	2.01859e-005	2.0481e-005	9.42598e-006	1.12912e-005	2.0766e-005	1.83487e-005	1.66415e-005	4.34431e-005	2.75907e-005	8.75433e-006	3.51339e-005	2.35103e-005	1.80521e-005	0.025909	0.0207908	0.0172451	0.0142344	0.0108431	0.00824779	8.52468e-005	5.6883e-006	3.10052e-005	1.02322e-005	1.05353e-005	2.36182e-005	1.34786e-005	1.49549e-005	1.4135e-005	8.25371e-006	3.29717e-005
0.065	2.15592e-005	1.23059e-005	1.4366e-005	7.41447e-006	1.34342e-005	1.36911e-005	1.75893e-005	1.05875e-005	2.67147e-005	4.08076e-006	3.57899e-006	1.30874e-005	1.78202e-005	1.83992e-005	6.98718e-007	4.52664e-005	0.0362374	4.57291e-006	0.0267614	0.0214558	0.018123	0.0151281	0.0114063	0.00930431	0.00191455	2.54751e-005	3.02445e-005	2.63702e-005	2.58459e-005	2.38139e-005	2.21007e-005	1.36469e-005	6.01648e-006	2.11323e-005	1.84963e-005
0.068	1.00581e-005	1.45047e-005	1.19228e-005	5.67408e-006	1.52937e-005	2.16938e-005	1.16902e-005	6.06945e-006	1.52668e-005	1.64002e-005	1.31653e-005	9.40965e-006	1.59288e-005	2.15191e-005	0.0506978	0.0440675	0.0366563	3.26679e-005	0.0280747	0.0224319	0.0189286	0.0160889	0.0116303	0.009242	0.00236596	4.42938e-005	3.00735e-005	3.86555e-006	1.05186e-005	1.17767e-005	2.56128e-005	1.81831e-005	1.02567e-005	5.21459e-006	9.51357e-006
0.071	1.26253e-005	8.15159e-006	2.01791e-005	1.05166e-005	2.18264e-005	1.48023e-005	1.59313e-005	1.60717e-005	1.77866e-005	1.03011e-005	1.99932e-005	1.08059e-005	1.24329e-005	3.29165e-005	0.0516282	0.0447334	0.0373987	2.57735e-005	0.0284964	0.0231539	0.0192651	0.0166334	0.011758	0.00946333	0.00234051	7.41159e-005	1.50487e-005	5.90836e-006	1.02663e-005	1.41915e-005	4.30005e-006	1.2885e-005	6.81604e-006	1.55673e-005	1.84182e-005
0.074	9.00238e-006	1.31209e-005	6.69266e-006	1.38422e-005	1.01246e-005	1.96578e-005	7.83306e-006	1.48174e-005	2.23878e-005	9.71646e-006	1.24696e-005	1.02603e-005	1.28618e-005	0.000138194	0.0529413	0.0460951	0.0384046	0.031751	0.0294247	0.0238465	0.019724	0.0171909	0.0122732	0.00936816	0.00138707	4.45768e-005	4.11207e-005	1.80886e-005	3.89043e-006	2.26107e-005	3.0117e-005	1.60134e-005	1.55776e-005	9.07055e-006	1.0338e-005
0.077	1.452e-005	1.39446e-005	2.84921e-005	3.90483e-005	1.43158e-005	1.25203e-005	2.5462e-005	7.76149e-006	2.21814e-005	1.12205e-005	1.75107e-005	5.40499e-005	1.3191e-005	0.059618	0.0541442	0.0471536	0.0394409	0.0321839	0.0299155	0.0244827	0.0201343	0.0173931	0.0122795	0.00921432	0.00114653	1.90102e-005	1.01519e-005	1.27553e-005	3.36965e-006	3.46065e-005	8.6286e-006	1.36632e-005	1.04241e-005	1.14489e-005	1.64257e-005
0.08	9.62035e-006	1.65172e-005	1.08807e-005	1.42229e-005	1.92942e-006	5.38281e-006	1.90252e-005	6.99989e-006	3.56116e-005	1.99913e-005	3.39063e-005	5.15838e-005	6.99115e-005	0.060277	0.0552411	0.0479903	0.0402724	0.0335148	0.0304137	0.0250341	0.0204605	0.017236	0.0122673	0.00910306	7.58769e-005	5.19626e-005	5.25348e-006	1.6948e-005	1.15002e-006	2.55722e-005	1.59497e-005	2.10746e-005	1.26817e-005	2.19037e-005	5.86364e-006
0.083	1.14873e-005	1.48451e-005	2.91552e-005	7.85688e-006	1.20657e-005	9.23037e-006	6.81792e-006	6.66268e-006	2.40766e-005	1.55892e-005	8.69223e-006	0.074523	0.0681262	0.0611769	0.0558871	0.0488563	0.0412626	0.0343452	0.0308188	0.0254584	0.0206513	0.0173896	0.0121451	0.00912765	6.41313e-005	3.28157e-005	3.09324e-005	1.33198e-005	2.57941e-005	1.18374e-005	1.46044e-005	1.80701e-005	2.18941e-006	1.45088e-005	1.30114e-005
0.086	1.48248e-005	1.33344e-005	2.43911e-005	7.3978e-006	1.70332e-005	1.7227e-005	2.20957e-005	9.27157e-006	3.45748e-007	4.3091e-005	0.0870425	0.0746882	0.0685075	0.0622154	0.0571552	0.0495039	0.0421301	0.0353409	0.0313948	0.0261379	0.021044	0.0174243	0.0120637	0.00891494	0.000366941	3.44975e-005	3.50002e-005	8.86123e-006	2.22421e-005	8.139e-006	2.09851e-005	3.29405e-005	1.14024e-005	2.4359e-005	1.54736e-005
0.089	1.11211e-005	2.43088e-005	2.49504e-005	1.62535e-005	1.63579e-005	1.13249e-005	3.2007e-006	4.33943e-006	1.3208e-005	3.70417e-006	0.0866827	0.0757363	0.0692047	0.0632017	0.0580036	0.0508293	0.0431717	0.036504	0.0321751	0.026411	0.0211995	0.0174415	0.0121319	0.00870484	5.5316e-005	2.6662e-005	1.64626e-005	3.36621e-005	4.96541e-005	8.90053e-006	9.86831e-006	2.99877e-005	2.86293e-005	1.00761e-005	1.56479e-005
0.092	1.23573e-005	1.15083e-005	1.78503e-005	2.62622e-005	9.42579e-006	4.72046e-006	3.06694e-005	2.15328e-005	2.78033e-005	2.11796e-005	0.0874056	0.0772519	0.070166	0.0642205	0.0586711	0.051454	0.043965	0.0373944	0.0326725	0.0267516	0.0215156	0.017487	0.012279	0.00832366	5.74112e-005	1.43659e-005	2.11949e-005	2.06586e-005	2.32e-005	1.75394e-005	2.35798e-005	1.22936e-005	1.74252e-005	1.35597e-005	8.79168e-006
0.095	1.65235e-005	1.98729e-005	1.87004e-005	1.48213e-005	1.10756e-005	3.74223e-006	9.18691e-006	1.55277e-005	2.21664e-005	0.10211	0.0882395	0.0779738	0.0707965	0.0654944	0.0600496	0.0517516	0.0447251	0.0383818	0.0329426	0.0269251	0.0218999	0.0174437	0.0123885	0.00833494	5.75143e-005	1.18422e-005	2.14529e-005	9.51274e-006	1.84821e-005	2.93233e-005	4.42295e-006	1.75524e-005	4.80557e-006	6.72741e-006	2.48437e-005
0.098	1.22995e-005	1.15989e-005	1.6042e-005	1.26733e-005	2.1984e-005	1.34568e-005	2.34183e-005	4.94969e-006	3.50418e-006	0.101255	0.0888222	0.0788584	0.0714642	0.0662167	0.0609961	0.0526001	0.0450073	0.0392328	0.0333022	0.0272486	0.0223154	0.0174013	0.0125798	0.00806886	0.00015883	5.7852e-006	2.15186e-005	1.71295e-005	1.5538e-005	2.56598e-005	1.44727e-005	3.43525e-006	2.25819e-005	1.76289e-005	1.78063e-005
0.101	2.63526e-005	6.63044e-006	9.17483e-006	1.30086e-005	2.1922e-005	2.75373e-006	1.44237e-005	1.29112e-005	2.18597e-005	0.101189	0.0896349	0.0795904	0.0725797	0.0673914	0.0617627	0.0530236	0.0459377	0.0401378	0.0336877	0.027627	0.0225449	0.0179222	0.0125282	0.00783293	6.4864e-005	4.20033e-005	2.772e-005	2.12114e-005	9.63292e-006	1.40262e-005	1.88467e-005	1.72455e-005	8.67322e-006	8.2074e-006	1.77445e-005
0.104	1.66946e-005	1.45074e-005	5.41054e-006	1.50055e-005	1.26365e-005	7.78406e-006	2.85567e-006	2.21699e-005	1.60176e-005	0.101788	0.0903139	0.0790373	0.073218	0.0685156	0.0624918	0.0538926	0.0465122	0.040762	0.0340533	0.0277291	0.0224878	0.0179515	0.0125498	0.007205	1.61674e-005	9.01445e-006	1.26928e-005	3.57027e-005	3.90462e-006	2.71737e-005	4.19818e-005	6.57473e-006	1.09731e-005	1.67498e-005	1.13771e-005
0.107	1.5939e-006	2.7294e-006	1.31667e-005	1.76312e-005	1.75137e-005	2.53148e-005	2.90324e-005	1.55206e-005	7.84955e-006	0.102089	0.0913185	0.0806386	0.0739475	0.0696641	0.0632021	0.0542254	0.0470943	0.041316	0.0343933	0.0281559	0.0226647	0.0182176	0.0125547	0.00694311	2.17242e-005	1.35051e-005	1.84735e-005	1.46305e-005	2.6291e-005	1.32545e-006	1.57509e-005	2.35689e-005	7.10697e-006	2.21901e-005	1.70958e-005
0.11	1.60495e-005	6.81548e-006	3.22824e-005	3.37174e-005	1.63646e-005	1.39736e-005	1.65256e-005	2.13564e-005	1.86992e-005	0.102813	0.0919378	0.0815962	0.0748969	0.0701674	0.0636187	0.0548805	0.0478346	0.0417625	0.0347306	0.0285426	0.0229812	0.018396	0.0125336	0.00649343	1.09642e-005	1.22815e-005	4.6968e-006	1.91726e-005	4.25626e-005	3.15907e-005	1.51746e-005	1.13185e-005	1.15767e-005	3.34222e-005	2.22437e-005
0.113	1.48996e-005	1.52575e-005	1.53342e-005	5.04347e-006	2.03025e-005	7.28506e-006	5.2894e-006	2.67931e-005	1.80034e-005	0.103546	0.0927751	0.0825735	0.0758888	0.0706156	0.0644462	0.0549471	0.0483496	0.0420163	0.0343573	0.0284948	0.0229474	0.0183603	0.0126067	0.0062446	4.17174e-005	1.75898e-005	1.42339e-005	1.46163e-005	7.77132e-006	5.37172e-006	2.66486e-005	2.00459e-005	1.49528e-005	1.75303e-005	2.16233e-005
0.116	1.20904e-005	1.96337e-005	1.10122e-005	1.18416e-005	1.64238e-005	1.53439e-005	1.42621e-005	1.66013e-005	1.37898e-005	0.104252	0.093204	0.0833551	0.0762892	0.071022	0.0649092	0.0556979	0.049175	0.0425983	0.0347961	0.0286443	0.0230469	0.0185659	0.0121929	0.00605136	9.72175e-006	1.33853e-005	1.51447e-005	9.66434e-006	5.48641e-006	1.26895e-005	2.60697e-005	1.27684e-005	3.31343e-006	1.87512e-005	1.805e-005
0.119	2.21972e-005	2.28954e-005	1.29118e-005	1.02195e-005	2.42009e-005	1.49367e-005	1.52705e-005	8.65259e-006	7.57007e-006	0.104738	0.0943324	0.0843907	0.0772034	0.0715877	0.0654522	0.0565559	0.0498955	0.0429445	0.0349954	0.0288301	0.0233994	0.018557	0.0123221	0.00566212	1.49799e-005	2.14278e-005	1.54633e-005	1.96475e-005	1.81257e-005	2.07275e-006	1.14665e-005	1.98941e-005	1.2524e-005	1.61979e-005	1.32539e-005
0.122	1.09512e-005	2.13786e-005	1.4763e-005	1.67504e-005	1.31508e-005	1.60612e-005	2.37773e-005	4.89981e-006	4.42014e-005	0.105242	0.0948717	0.0853864	0.0777232	0.0721992	0.0658222	0.0569509	0.0504068	0.0433356	0.0352378	0.0289061	0.0236528	0.018496	0.0123309	0.00498137	1.80135e-005	1.52165e-005	2.32999e-005	2.12093e-005	2.02882e-005	1.98473e-005	1.15457e-005	1.94559e-005	1.74199e-005	6.7137e-006	1.04334e-005
0.125	3.88106e-006	8.55011e-006	1.51732e-005	1.13837e-005	9.71702e-006	1.53272e-005	3.66432e-006	1.68696e-005	0.120041	0.106046	0.0956604	0.0864099	0.0780818	0.0725173	0.0661261	0.0571621	0.0506564	0.0433343	0.0355659	0.0292527	0.0237986	0.0185026	0.0121974	0.00417971	2.3545e-005	1.6642e-005	1.92068e-005	1.19015e-005	1.57989e-005	1.33823e-005	2.80092e-005	2.43549e-005	7.62498e-006	1.85353e-005	1.40313e-005
0.128	1.21959e-005	5.82687e-006	2.65134e-005	9.20974e-006	1.61309e-005	1.29076e-005	3.67948e-006	7.2677e-005	0.117317	0.106824	0.0962776	0.0876242	0.0785899	0.073243	0.0664129	0.0573476	0.0509554	0.0436332	0.0359755	0.0295398	0.0238874	0.0185835	0.0119911	0.0035628	2.49478e-005	7.76327e-006	1.83203e-005	1.4652e-005	5.93763e-006	1.4292e-005	2.11284e-005	7.73452e-006	8.10936e-006	5.75751e-006	1.51988e-005
