Reference Amplitude (V)	6200Hz	6250Hz	6300Hz	6350Hz	6400Hz	6450Hz	6500Hz	6550Hz	6600Hz	6650Hz	6700Hz	6750Hz	6800Hz	6850Hz	6900Hz	6950Hz	7000Hz	7050Hz	7100Hz	7150Hz	7200Hz	7250Hz	7300Hz	7350Hz	7400Hz	7450Hz	7500Hz	7550Hz	7600Hz	7650Hz	7700Hz	7750Hz	7800Hz	7850Hz	7900Hz	7950Hz	8000Hz	8050Hz	8100Hz	8150Hz	8200Hz	8250Hz	8300Hz	8350Hz	8400Hz	8450Hz	8500Hz	8550Hz	8600Hz	8650Hz	8700Hz	8750Hz	8800Hz	8850Hz	8900Hz	8950Hz	9000Hz
0.02	0.266394	0.186356	0.161181	0.146817	0.13487	0.123614	0.10315	0.0864562	0.111742	0.112059	0.105322	0.101493	0.0752947	0.0575504	0.0362167	0.0542444	0.159682	0.0771866	0.0377555	0.102889	0.097689	0.0910585	0.0730275	0.0534921	0.047753	0.0409635	0.0352064	0.0388422	0.0326645	0.0330729	0.0278833	0.0262136	0.0212743	0.0193005	0.0142575	0.0227966	0.0208495	0.014926	0.012541	0.00414323	0.0306939	0.021096	0.0169227	0.0152618	0.0159636	0.0143764	0.0143083	0.0123428	0.0102682	0.0126831	0.0100705	0.0102845	0.0104204	0.0083291	0.00800063	0.00995794	0.00611521
0.023	0.317457	0.224739	0.206359	0.194824	0.175633	0.159165	0.132161	0.112039	0.139177	0.14252	0.136809	0.136699	0.103186	0.0708445	0.0500044	0.0702556	0.200967	0.103911	0.0455306	0.136216	0.120708	0.121336	0.0981087	0.0708602	0.0580486	0.0525424	0.0491517	0.0471028	0.0463543	0.0413835	0.038251	0.036263	0.0302241	0.0319369	0.0201701	0.0321743	0.026131	0.0205424	0.0164346	0.00459218	0.0428223	0.026687	0.0226069	0.0196519	0.020053	0.0176548	0.0183388	0.0170167	0.0135091	0.0127881	0.0127726	0.0113866	0.0127813	0.0104389	0.00896858	0.00991555	0.00702034
0.026	0.353117	0.273233	0.256275	0.229348	0.203404	0.190786	0.161888	0.143855	0.174611	0.173659	0.168344	0.1712	0.126264	0.0878355	0.0660551	0.0896529	0.244395	0.13227	0.0564227	0.159814	0.143043	0.146325	0.122105	0.087802	0.0719681	0.0687864	0.0601138	0.0607638	0.0557278	0.0524797	0.0462553	0.0454708	0.0394372	0.0368941	0.0255267	0.0408856	0.0307195	0.0279139	0.022742	0.00662178	0.0508584	0.032357	0.0275996	0.0261299	0.0245893	0.0252703	0.0233285	0.0204404	0.0184888	0.0176004	0.0176882	0.0154187	0.0153522	0.0137468	0.0113493	0.0128945	0.00896627
0.029	0.399798	0.310513	0.290152	0.266186	0.244838	0.222147	0.184189	0.170248	0.210913	0.207015	0.201103	0.200283	0.15095	0.107773	0.0804384	0.112121	0.289816	0.158127	0.0753041	0.184342	0.173635	0.172421	0.142677	0.105041	0.0904746	0.0811232	0.0762363	0.0718507	0.0690422	0.0604988	0.0566912	0.054039	0.0475209	0.042168	0.0272429	0.0483224	0.0358941	0.032558	0.0281202	0.0064884	0.0597942	0.0415195	0.037558	0.033565	0.0289934	0.0278158	0.0252344	0.0240639	0.0212532	0.0207871	0.021507	0.0176767	0.0190882	0.0184548	0.0163158	0.0141615	0.0108468
0.032	0.432616	0.346818	0.324527	0.298211	0.273892	0.254616	0.216606	0.196109	0.236294	0.241196	0.227385	0.223918	0.174644	0.135721	0.0976191	0.138671	0.323057	0.183693	0.0866645	0.208661	0.200683	0.197362	0.169495	0.120083	0.100548	0.0991563	0.0891047	0.0869384	0.0814923	0.0736517	0.068707	0.0585958	0.0560265	0.0521709	0.0335488	0.0564197	0.0431275	0.0403148	0.0309656	0.00755106	0.0758567	0.049624	0.0432404	0.0385871	0.0335788	0.0320379	0.0297552	0.0259709	0.026875	0.0233172	0.0257432	0.022611	0.0221915	0.0214201	0.0178133	0.0151716	0.0125495
0.035	0.468126	0.388942	0.372787	0.333993	0.311949	0.290366	0.241559	0.223906	0.274939	0.269231	0.262563	0.254908	0.197239	0.149048	0.118864	0.165307	0.361269	0.222312	0.103777	0.229797	0.21805	0.221986	0.19262	0.136671	0.119228	0.10946	0.10147	0.0929689	0.0943496	0.0819438	0.0779664	0.0741734	0.06109	0.0572838	0.0412167	0.0659726	0.0495614	0.044705	0.0362937	0.00790092	0.0853862	0.052529	0.0477981	0.0424607	0.0419695	0.041811	0.0387543	0.032354	0.0284304	0.0275811	0.0261285	0.0250179	0.0238753	0.022557	0.0237677	0.0234907	0.0158131
0.038	0.496953	0.423358	0.403672	0.366124	0.338583	0.308775	0.273885	0.249872	0.303335	0.301529	0.284581	0.277615	0.223429	0.170794	0.142277	0.187044	0.389635	0.253704	0.118044	0.253582	0.246365	0.239975	0.213105	0.159222	0.143134	0.130717	0.116703	0.115979	0.104351	0.0962746	0.0867452	0.0803688	0.0776852	0.0675633	0.0487569	0.0765402	0.0586184	0.0544133	0.0414569	0.00851213	0.0929361	0.0666912	0.0562021	0.0540265	0.047986	0.0429373	0.0407207	0.0378355	0.0355147	0.0320977	0.0332254	0.0287886	0.0272133	0.0278234	0.0256501	0.0208128	0.0189429
0.041	0.529608	0.457179	0.425001	0.396542	0.367502	0.341287	0.299964	0.279278	0.330254	0.328748	0.319111	0.303544	0.248035	0.194269	0.158117	0.214636	0.436674	0.274881	0.136296	0.284172	0.270228	0.270123	0.23105	0.176976	0.149108	0.141863	0.131189	0.119593	0.12366	0.113227	0.105447	0.0913327	0.0856512	0.0736461	0.0553893	0.0849537	0.0664432	0.0632224	0.0462007	0.0121232	0.104252	0.0699136	0.0620201	0.0561238	0.0535346	0.0505079	0.0470529	0.0443266	0.0384714	0.036256	0.0335391	0.0345955	0.0324187	0.0309438	0.0264579	0.0276422	0.0191546
0.044	0.549294	0.484913	0.457288	0.422442	0.399458	0.365793	0.327559	0.302884	0.36766	0.360671	0.343561	0.325851	0.271451	0.227281	0.180732	0.244219	0.460493	0.203783	0.157521	0.300041	0.290727	0.300614	0.253354	0.202529	0.166723	0.153991	0.146148	0.143442	0.135106	0.1208	0.115563	0.107948	0.100731	0.0893167	0.0623302	0.0960569	0.0775039	0.0692866	0.0529025	0.0125279	0.115887	0.0784173	0.0677523	0.0640384	0.0610147	0.0555433	0.0506591	0.0489399	0.0440694	0.0424171	0.0401696	0.0358892	0.0375017	0.0317472	0.0286398	0.0294058	0.0224249
0.047	0.573516	0.519554	0.488009	0.448052	0.419524	0.396202	0.361848	0.326373	0.388254	0.380813	0.36712	0.350849	0.295816	0.241938	0.196625	0.273955	0.091152	0.161575	0.178265	0.318723	0.315787	0.324397	0.283005	0.218596	0.186338	0.173139	0.163749	0.156774	0.146285	0.137748	0.124378	0.119108	0.108166	0.0933314	0.0653962	0.104759	0.0849567	0.073994	0.053863	0.0139564	0.12905	0.0855704	0.0823395	0.0722335	0.0636388	0.0606095	0.0583337	0.0530852	0.0496834	0.0444452	0.0435263	0.0429832	0.0386185	0.0352436	0.035552	0.0349263	0.0232814
0.05	0.591793	0.540043	0.510935	0.478252	0.460278	0.421425	0.374541	0.343662	0.422784	0.412665	0.390507	0.371613	0.319484	0.27451	0.217944	0.295079	0.0819128	0.141439	0.187279	0.333488	0.334979	0.335576	0.299642	0.23653	0.201057	0.18742	0.175971	0.172279	0.164732	0.145805	0.142809	0.125083	0.11036	0.101569	0.0692493	0.12231	0.0932835	0.0831908	0.0675997	0.016935	0.144017	0.101398	0.0903586	0.079831	0.0777524	0.0670137	0.0645633	0.0574163	0.0569085	0.0506952	0.0515485	0.0448045	0.0418849	0.0410374	0.0397561	0.0352552	0.0276594
0.053	0.614898	0.558443	0.534225	0.505177	0.474816	0.442591	0.392836	0.361327	0.450632	0.443992	0.422401	0.401081	0.343457	0.292611	0.241043	0.332293	0.0767737	0.128317	0.198371	0.364401	0.352091	0.364857	0.323468	0.25771	0.224593	0.207412	0.195747	0.183063	0.174693	0.165702	0.152667	0.14372	0.129087	0.11176	0.0793257	0.126548	0.106651	0.0905144	0.0693907	0.0190148	0.158668	0.107517	0.0950957	0.0841499	0.075821	0.0759967	0.0726449	0.0609046	0.0597583	0.0559104	0.0538794	0.0485179	0.0471001	0.041656	0.045565	0.0376481	0.0308662
0.056	0.623536	0.583998	0.56373	0.520503	0.491537	0.468335	0.419934	0.393666	0.474051	0.456694	0.445645	0.417105	0.361001	0.318742	0.268293	0.359487	0.0722913	0.121986	0.201913	0.373797	0.370162	0.383156	0.331576	0.272679	0.245185	0.21437	0.206291	0.197974	0.183379	0.169898	0.167058	0.151425	0.144051	0.126532	0.0848884	0.133107	0.115582	0.0965145	0.0760007	0.0213735	0.170351	0.121138	0.105838	0.09672	0.0853803	0.0829174	0.0773121	0.070464	0.063951	0.060716	0.0587309	0.0552364	0.053598	0.0511818	0.0464481	0.043058	0.0317669
0.059	0.645397	0.598056	0.570497	0.545329	0.516413	0.488127	0.437791	0.42113	0.496178	0.475549	0.469559	0.43465	0.389417	0.342028	0.289532	0.0201825	0.0701822	0.122274	0.209004	0.394744	0.384847	0.405558	0.366014	0.287881	0.256775	0.239844	0.229338	0.218211	0.205827	0.191591	0.173929	0.162978	0.151573	0.134565	0.0921907	0.150232	0.121717	0.105028	0.0801461	0.0210452	0.185599	0.129927	0.112833	0.106384	0.0955517	0.0906939	0.087498	0.0756152	0.0700838	0.065532	0.0601004	0.0585651	0.0540568	0.0553525	0.0484454	0.0450557	0.031724
0.062	0.660181	0.62508	0.597648	0.566703	0.540062	0.504725	0.467738	0.447671	0.527437	0.509514	0.492818	0.459974	0.415373	0.373319	0.314525	0.0200922	0.0691557	0.116554	0.210794	0.408287	0.401315	0.423349	0.389717	0.31056	0.272637	0.258497	0.252262	0.228903	0.217886	0.210833	0.190153	0.181447	0.155364	0.151531	0.100378	0.165026	0.133423	0.116534	0.0897799	0.0228589	0.194417	0.140772	0.124788	0.109559	0.106189	0.0916563	0.0914914	0.0805612	0.0781524	0.0692627	0.0669693	0.0609685	0.0601912	0.0575913	0.0558343	0.0488861	0.038697
0.065	0.678938	0.637923	0.613474	0.59437	0.562292	0.521286	0.485455	0.467682	0.548078	0.525949	0.509368	0.47396	0.439675	0.389449	0.336905	0.0209856	0.0677909	0.117777	0.212011	0.438392	0.420984	0.458032	0.405486	0.333543	0.291036	0.271218	0.257764	0.24704	0.237344	0.217338	0.205696	0.190974	0.175678	0.151783	0.110213	0.173353	0.152129	0.123857	0.0944252	0.0258381	0.217142	0.148741	0.129208	0.122289	0.106555	0.102411	0.0957751	0.0852906	0.0845922	0.0802492	0.0756557	0.0675643	0.0660009	0.0609472	0.0597274	0.0554947	0.0417399
0.068	0.690366	0.655483	0.636038	0.607093	0.580827	0.549482	0.507572	0.484627	0.563056	0.54638	0.537315	0.477762	0.456196	0.420218	0.355299	0.0210154	0.0679322	0.115072	0.215226	0.448633	0.435214	0.473867	0.424567	0.349355	0.317078	0.290235	0.269142	0.261779	0.246441	0.232862	0.214425	0.199652	0.176029	0.160773	0.114636	0.178595	0.153935	0.128809	0.102846	0.0263698	0.216672	0.161461	0.136727	0.131728	0.115947	0.107542	0.101799	0.0935937	0.091775	0.0819586	0.0757262	0.0778509	0.072008	0.0645955	0.0622129	0.0581122	0.0449562
0.071	0.708126	0.672896	0.651181	0.622032	0.593413	0.559428	0.520831	0.499083	0.581812	0.557497	0.556581	0.49899	0.47725	0.441926	0.382066	0.0214563	0.0663778	0.112321	0.213644	0.460145	0.453921	0.49323	0.444493	0.37162	0.328266	0.307452	0.294064	0.279518	0.267201	0.246804	0.243362	0.215591	0.195407	0.171762	0.124404	0.191064	0.16668	0.139501	0.112472	0.0292961	0.234275	0.177692	0.15143	0.137675	0.127734	0.119728	0.113581	0.103543	0.0969846	0.0897817	0.0897996	0.0824455	0.0729122	0.0698452	0.0681256	0.065765	0.0445045
0.074	0.715253	0.679211	0.65905	0.646147	0.617972	0.584549	0.547157	0.522309	0.600944	0.58061	0.568983	0.51504	0.508858	0.4616	0.394752	0.0214549	0.0655584	0.108816	0.21416	0.477657	0.460902	0.512444	0.452476	0.381597	0.343623	0.323475	0.309649	0.291745	0.27843	0.268106	0.247376	0.223927	0.208148	0.186078	0.13531	0.210936	0.169812	0.143838	0.118904	0.0329389	0.245682	0.180058	0.161516	0.143794	0.135697	0.130436	0.122216	0.10834	0.10204	0.0973882	0.0906877	0.0880731	0.076036	0.0768953	0.0704856	0.0676342	0.0514522
0.077	0.732239	0.702428	0.677612	0.658629	0.635048	0.604929	0.557611	0.54574	0.626614	0.603058	0.582201	0.513679	0.5164	0.483355	0.405025	0.0217231	0.0647275	0.10866	0.216771	0.477967	0.486528	0.523796	0.469558	0.395968	0.370515	0.333697	0.323313	0.301973	0.292418	0.275438	0.258227	0.236684	0.218854	0.191356	0.146098	0.213043	0.184875	0.156711	0.126282	0.0360819	0.2561	0.186222	0.168649	0.153521	0.140305	0.132862	0.125898	0.115538	0.106749	0.100072	0.0963009	0.0906151	0.0854009	0.0801758	0.0790918	0.0712024	0.0528463
0.08	0.743792	0.713507	0.696876	0.669215	0.645416	0.624867	0.571706	0.552733	0.636609	0.619541	0.611327	0.527459	0.540067	0.511112	0.00973816	0.0219168	0.0644228	0.108481	0.213898	0.493943	0.493108	0.545319	0.487358	0.411133	0.386819	0.355904	0.338749	0.320443	0.303204	0.286594	0.274778	0.253849	0.229799	0.213502	0.152472	0.22662	0.195506	0.172457	0.135029	0.0384901	0.279736	0.207488	0.187678	0.161409	0.151009	0.140373	0.136022	0.118548	0.115891	0.10559	0.105379	0.0965961	0.0917801	0.0885992	0.0841787	0.0795234	0.0565423
0.083	0.754048	0.724709	0.711946	0.680105	0.661202	0.626391	0.59516	0.572611	0.652308	0.635169	0.61876	0.536093	0.565686	0.526655	0.010485	0.0225502	0.0641175	0.107474	0.209847	0.506401	0.50863	0.563537	0.511158	0.428137	0.401858	0.365105	0.340694	0.328087	0.319277	0.304282	0.291105	0.270374	0.23716	0.214076	0.157446	0.237603	0.203714	0.183092	0.139646	0.0390357	0.283915	0.217925	0.178222	0.173446	0.163977	0.152738	0.14782	0.128886	0.120359	0.117527	0.107875	0.106419	0.0959886	0.0965123	0.0913354	0.0834775	0.0569939
0.086	0.765004	0.740031	0.712913	0.687711	0.670876	0.641233	0.605148	0.585986	0.656379	0.64668	0.631568	0.536764	0.578795	0.548036	0.0108226	0.022671	0.0635763	0.106417	0.210267	0.517438	0.524195	0.582466	0.526731	0.448991	0.415938	0.383131	0.361203	0.349796	0.338682	0.318883	0.291003	0.279108	0.254034	0.23025	0.16419	0.260194	0.216806	0.182651	0.148706	0.0478307	0.301557	0.228573	0.201941	0.187051	0.168854	0.152492	0.151789	0.134329	0.12565	0.123971	0.109295	0.109379	0.103208	0.095971	0.0947862	0.084687	0.0642332
0.089	0.779513	0.746963	0.728759	0.709306	0.679664	0.656903	0.619269	0.602497	0.6814	0.661114	0.646247	0.545863	0.596999	0.564292	0.0112148	0.0230724	0.0627264	0.104462	0.207671	0.535794	0.535541	0.598845	0.53964	0.457487	0.425853	0.406535	0.380079	0.365721	0.351686	0.336292	0.3108	0.283758	0.268846	0.249778	0.173984	0.268069	0.227427	0.203862	0.163428	0.0487078	0.31342	0.238861	0.208539	0.189597	0.176925	0.169866	0.168058	0.145851	0.129014	0.127756	0.117479	0.113131	0.104646	0.103398	0.0975308	0.0934637	0.0707948
0.092	0.782646	0.757338	0.740004	0.717673	0.697967	0.670232	0.629859	0.621882	0.699083	0.674348	0.659311	0.557882	0.623781	0.579787	0.0115506	0.0228777	0.0634907	0.10432	0.201723	0.541718	0.544908	0.61699	0.55654	0.48346	0.437974	0.42194	0.394465	0.38005	0.373352	0.351258	0.339742	0.313064	0.270635	0.253227	0.189624	0.28009	0.234182	0.207937	0.165879	0.054043	0.337519	0.252944	0.222966	0.20455	0.189194	0.180082	0.164161	0.152005	0.141989	0.134131	0.125069	0.122326	0.112	0.108765	0.107262	0.0932634	0.0740634
0.095	0.791039	0.764554	0.748318	0.730365	0.706403	0.677935	0.64801	0.639033	0.7162	0.683366	0.675772	0.572284	0.64331	0.604861	0.01186	0.0239208	0.0626137	0.104186	0.19883	0.55667	0.555493	0.630409	0.565409	0.49117	0.45756	0.425865	0.407062	0.390654	0.384513	0.354885	0.336623	0.322156	0.291613	0.252873	0.195429	0.293548	0.253184	0.21709	0.178858	0.055649	0.336801	0.261065	0.234165	0.20792	0.200577	0.183965	0.182367	0.162242	0.146117	0.141327	0.131993	0.12648	0.124687	0.113227	0.11447	0.10205	0.076134
0.098	0.797376	0.776942	0.754923	0.736211	0.720466	0.69026	0.656242	0.645255	0.721504	0.700618	0.677906	0.579303	0.655906	0.617633	0.0126284	0.0240647	0.0626247	0.104489	0.197332	0.574776	0.568951	0.64512	0.585282	0.51512	0.461558	0.4356	0.421656	0.40437	0.3962	0.367524	0.350618	0.327175	0.303677	0.28023	0.203655	0.300902	0.257796	0.224698	0.187089	0.0593483	0.353766	0.272889	0.240285	0.219555	0.208581	0.194121	0.191165	0.160415	0.153535	0.144423	0.141981	0.136228	0.123812	0.119117	0.111809	0.107108	0.0802261
0.101	0.80446	0.786443	0.767185	0.746844	0.731951	0.701933	0.668673	0.661912	0.735631	0.708525	0.69026	0.613423	0.670588	0.633987	0.0127225	0.0242876	0.0615907	0.101047	0.199751	0.579159	0.575367	0.657459	0.593771	0.531979	0.4861	0.460509	0.442962	0.420189	0.409469	0.388161	0.368166	0.337234	0.316383	0.29354	0.210343	0.313506	0.267744	0.23268	0.196925	0.0679285	0.357435	0.287664	0.249174	0.231724	0.215128	0.204905	0.194979	0.173523	0.162824	0.157904	0.152611	0.142453	0.138347	0.128774	0.115092	0.117861	0.084274
0.104	0.810443	0.795963	0.777709	0.755588	0.741394	0.710555	0.677406	0.674759	0.744617	0.72005	0.696455	0.630767	0.681923	0.649072	0.0131057	0.024449	0.0621504	0.10101	0.195076	0.595554	0.591261	0.671551	0.609492	0.544931	0.50319	0.471495	0.458455	0.431965	0.42174	0.39859	0.377015	0.348094	0.334483	0.297216	0.216587	0.326228	0.274944	0.254658	0.204102	0.0688989	0.385426	0.291256	0.259745	0.238398	0.216461	0.20437	0.204481	0.183415	0.171864	0.157924	0.157595	0.147143	0.142392	0.13528	0.124345	0.120144	0.0911308
0.107	0.818224	0.803191	0.787378	0.770431	0.748127	0.7186	0.686393	0.686671	0.754891	0.730534	0.706976	0.655916	0.694324	0.0114507	0.0131103	0.0255129	0.062532	0.100162	0.19273	0.593006	0.600971	0.684155	0.623906	0.560578	0.51596	0.482663	0.466334	0.439217	0.43344	0.406146	0.388636	0.366912	0.344994	0.304238	0.220013	0.334066	0.286433	0.25865	0.202844	0.0739268	0.396293	0.299699	0.272827	0.253196	0.229547	0.225899	0.208459	0.191034	0.181968	0.165836	0.155672	0.159194	0.137991	0.14022	0.128749	0.123643	0.0933918
0.11	0.826835	0.807079	0.792438	0.774667	0.751905	0.730566	0.693482	0.698435	0.758892	0.740644	0.711064	0.680316	0.702227	0.0118194	0.0137009	0.0255037	0.0617007	0.0978074	0.187699	0.608724	0.598592	0.699007	0.641316	0.568515	0.527162	0.494404	0.480264	0.469903	0.439253	0.423463	0.401163	0.376023	0.349468	0.327476	0.23901	0.343444	0.300768	0.27273	0.219244	0.0842986	0.401118	0.323553	0.277483	0.260456	0.245609	0.238599	0.225797	0.197303	0.185576	0.178678	0.172123	0.157615	0.151623	0.144875	0.140239	0.132778	0.0958661
0.113	0.830306	0.816402	0.796522	0.779317	0.764964	0.737156	0.706568	0.705337	0.768202	0.746676	0.712937	0.693935	0.720424	0.0121003	0.0139507	0.0267026	0.0616643	0.0981436	0.186244	0.623573	0.609958	0.706403	0.645572	0.580558	0.536484	0.510239	0.498587	0.466641	0.453004	0.428573	0.411812	0.391497	0.365145	0.329311	0.246019	0.367523	0.316931	0.284278	0.224716	0.0852788	0.410764	0.321517	0.298858	0.264642	0.255311	0.250683	0.218755	0.203019	0.198622	0.182509	0.181738	0.162802	0.162621	0.150712	0.145618	0.133515	0.10072
0.116	0.833971	0.819871	0.808215	0.788442	0.765882	0.749278	0.718376	0.72258	0.779937	0.753533	0.721037	0.718529	0.735889	0.012493	0.0141796	0.0259903	0.061262	0.0968191	0.179645	0.627229	0.628825	0.720032	0.660068	0.586325	0.551326	0.530557	0.498984	0.486121	0.471832	0.44387	0.423308	0.402541	0.372564	0.341948	0.251802	0.364351	0.322706	0.287029	0.222285	0.0919979	0.426635	0.333513	0.3022	0.282216	0.25841	0.2492	0.230312	0.219259	0.202227	0.193669	0.185365	0.176953	0.165041	0.152531	0.146801	0.14424	0.10775
0.119	0.838725	0.827201	0.810852	0.789791	0.778353	0.756234	0.723608	0.729006	0.788372	0.761974	0.716488	0.735756	0.740407	0.0126454	0.0144236	0.0266406	0.0604326	0.0947426	0.177024	0.633597	0.630252	0.729006	0.670092	0.596381	0.567694	0.530079	0.512965	0.504589	0.473476	0.450151	0.441748	0.412011	0.387206	0.349959	0.268272	0.378972	0.334723	0.291629	0.244803	0.0977371	0.44163	0.35209	0.310103	0.285906	0.27195	0.252444	0.236741	0.216913	0.209594	0.202544	0.195158	0.194278	0.17579	0.15859	0.159996	0.146041	0.11499
0.122	0.840566	0.828078	0.818402	0.80247	0.784684	0.758468	0.726679	0.745966	0.794512	0.764831	0.713518	0.756253	0.755338	0.0129556	0.0149139	0.026469	0.0601577	0.0957481	0.176847	0.645805	0.633505	0.744604	0.679983	0.61706	0.577691	0.537037	0.528383	0.508304	0.484759	0.474833	0.449417	0.411704	0.398132	0.370986	0.274827	0.381733	0.342878	0.300767	0.250945	0.110411	0.445507	0.352908	0.325581	0.296317	0.282324	0.275824	0.251935	0.23238	0.220874	0.201863	0.19757	0.189874	0.176427	0.176317	0.169753	0.151484	0.117494
0.125	0.844173	0.838197	0.829218	0.811022	0.790037	0.765469	0.743148	0.749852	0.79827	0.770283	0.711192	0.76889	0.764237	0.0129901	0.0154246	0.0270373	0.0598543	0.0926592	0.175518	0.658421	0.62665	0.753679	0.695023	0.621869	0.583692	0.56042	0.531382	0.523171	0.496933	0.478199	0.461612	0.425731	0.395122	0.374203	0.278342	0.407739	0.355211	0.314719	0.25571	0.107677	0.462347	0.366295	0.332125	0.304859	0.291307	0.277743	0.264806	0.243338	0.219063	0.213563	0.212282	0.192893	0.182218	0.17219	0.168697	0.162647	0.119464
0.128	0.854903	0.842482	0.830048	0.813224	0.796267	0.773372	0.746546	0.756517	0.805917	0.779152	0.709545	0.780865	0.772027	0.0137545	0.0158364	0.027362	0.0599375	0.0928834	0.172829	0.661621	0.62444	0.762088	0.697005	0.632625	0.593127	0.575342	0.548559	0.537853	0.512816	0.486227	0.470525	0.451255	0.419873	0.387239	0.297131	0.407543	0.370865	0.318082	0.263348	0.127274	0.461226	0.370649	0.346295	0.314975	0.305526	0.283219	0.26428	0.253165	0.239923	0.220425	0.218279	0.202755	0.19012	0.178346	0.174455	0.164225	0.127021
0.131	0.858108	0.848002	0.836349	0.819711	0.803128	0.775802	0.746774	0.7747	0.807304	0.783927	0.718397	0.794136	0.775283	0.0138083	0.0159144	0.027798	0.0603337	0.0911132	0.171911	0.668594	0.62755	0.767951	0.703272	0.641025	0.599151	0.576956	0.561496	0.542955	0.518988	0.500736	0.473162	0.452552	0.426296	0.404708	0.302079	0.427634	0.374096	0.333354	0.272681	0.133874	0.471641	0.380687	0.349786	0.325307	0.304442	0.294688	0.271007	0.252007	0.241702	0.242747	0.227672	0.211387	0.199039	0.193159	0.178746	0.172936	0.13131
0.134	0.859311	0.848523	0.838946	0.827351	0.806287	0.781182	0.75653	0.780933	0.812458	0.786388	0.739041	0.802511	0.785329	0.0142613	0.0161736	0.028078	0.0587077	0.0892842	0.16931	0.676772	0.62643	0.774859	0.711993	0.655784	0.6119	0.587299	0.578351	0.551891	0.537854	0.508859	0.491628	0.459921	0.434915	0.40028	0.304409	0.432265	0.381384	0.351622	0.293223	0.14257	0.479323	0.386957	0.357665	0.33289	0.317507	0.312062	0.283257	0.269985	0.24735	0.240605	0.227177	0.219991	0.202154	0.188237	0.190251	0.181023	0.134701
0.137	0.862282	0.852536	0.841992	0.832315	0.811473	0.784202	0.763915	0.793366	0.821405	0.787756	0.750629	0.806358	0.0147036	0.0142841	0.0164791	0.0282699	0.0585192	0.0887159	0.166336	0.673928	0.61968	0.785324	0.723749	0.659417	0.624062	0.599907	0.573558	0.568895	0.543022	0.530494	0.50633	0.476422	0.456215	0.413858	0.317003	0.449231	0.395735	0.354021	0.292358	0.156661	0.486178	0.406643	0.366547	0.345011	0.332899	0.320619	0.287764	0.270886	0.254465	0.236215	0.236042	0.216141	0.209529	0.199436	0.194885	0.185034	0.139855
0.14	0.865865	0.857861	0.845948	0.83191	0.81655	0.793918	0.76722	0.795694	0.820139	0.784692	0.762245	0.821705	0.0152157	0.0148482	0.0166074	0.0283992	0.0586401	0.0887746	0.165254	0.688145	0.628862	0.790863	0.730696	0.668996	0.625804	0.611391	0.59156	0.570149	0.563128	0.536887	0.509385	0.479394	0.455912	0.424881	0.320983	0.454268	0.414276	0.360256	0.296687	0.167902	0.507632	0.409169	0.37869	0.345672	0.337552	0.318175	0.301153	0.279399	0.261636	0.261491	0.234943	0.221663	0.222012	0.208445	0.196401	0.183772	0.144547
0.143	0.87293	0.862372	0.852623	0.844919	0.823977	0.801823	0.77721	0.802123	0.825631	0.785603	0.778433	0.0169285	0.0154235	0.0152805	0.0173224	0.0292165	0.0580684	0.0877312	0.162481	0.694587	0.630869	0.79634	0.739124	0.677236	0.644389	0.621087	0.594312	0.581601	0.569842	0.550691	0.525453	0.495105	0.466556	0.431238	0.333905	0.461793	0.412974	0.370977	0.308277	0.178499	0.513936	0.422222	0.396966	0.364817	0.345457	0.327373	0.307424	0.295522	0.278888	0.252597	0.249708	0.22922	0.221314	0.209351	0.19886	0.19019	0.143776
0.146	0.878367	0.867318	0.857401	0.844136	0.826302	0.804787	0.782781	0.813253	0.825137	0.785454	0.792273	0.0168634	0.01578	0.0151935	0.0172501	0.0296076	0.0575413	0.0858474	0.159799	0.687016	0.630635	0.802898	0.741343	0.6881	0.64758	0.632543	0.603555	0.602719	0.571501	0.558002	0.533992	0.4996	0.481371	0.443618	0.33734	0.477452	0.42457	0.385713	0.317577	0.192079	0.528981	0.431191	0.396725	0.360614	0.352936	0.334644	0.31241	0.294663	0.280501	0.271361	0.259434	0.247566	0.224352	0.218428	0.204354	0.196748	0.157757
0.149	0.878183	0.868469	0.860315	0.849377	0.829868	0.806102	0.78699	0.821007	0.828686	0.789183	0.80598	0.0170674	0.0161854	0.0155986	0.0177226	0.029573	0.0578195	0.0842225	0.153498	0.698036	0.639257	0.805571	0.753967	0.690067	0.663351	0.636513	0.615182	0.604328	0.582077	0.561422	0.543635	0.508619	0.498867	0.455614	0.34331	0.478915	0.436238	0.39187	0.323394	0.201166	0.536479	0.447139	0.414145	0.377165	0.367985	0.341934	0.323227	0.297144	0.293276	0.277215	0.264625	0.250545	0.236942	0.214827	0.221032	0.200816	0.168958
