Reference Amplitude (V)	9000Hz	9050Hz	9100Hz	9150Hz	9200Hz	9250Hz	9300Hz	9350Hz	9400Hz	9450Hz	9500Hz	9550Hz	9600Hz	9650Hz	9700Hz	9750Hz	9800Hz	9850Hz	9900Hz	9950Hz	10000Hz	10050Hz	10100Hz	10150Hz	10200Hz	10250Hz	10300Hz	10350Hz	10400Hz	10450Hz	10500Hz
0.02	0.00675314	0.00820466	0.0069981	0.00597035	0.00544773	0.00301507	0.00759103	0.00565285	0.00642171	0.00562181	0.00506249	0.00532459	0.00402548	0.00402836	0.00365677	0.00463969	0.00356389	0.00449568	0.00494137	0.00314586	0.00160981	0.00198523	0.00258307	0.00476462	0.00569932	0.00591641	0.0036373	0.00227721	0.00231064	0.00467404	0.00231559
0.023	0.00841349	0.0101746	0.00659045	0.00873278	0.00816658	0.00302208	0.00828544	0.00766053	0.00642022	0.0074028	0.00787336	0.00678867	0.00427266	0.00477229	0.00549754	0.00461593	0.00568377	0.00642075	0.00532407	0.00460024	0.00230468	0.00207221	0.00273634	0.00611121	0.00618985	0.00542883	0.00372222	0.00254202	0.00232932	0.00353493	0.00285209
0.026	0.0105389	0.0122345	0.0102506	0.0103233	0.00864793	0.00371286	0.0118961	0.00945588	0.00854709	0.00900552	0.00867492	0.00870306	0.00642604	0.00641172	0.00568593	0.0050798	0.00697416	0.00901213	0.00607718	0.00533128	0.00272977	0.00226511	0.00352147	0.00691283	0.00811796	0.00592318	0.00386926	0.00191808	0.00272401	0.00534473	0.00322889
0.029	0.0141919	0.0158371	0.0121077	0.0109455	0.0101623	0.00419753	0.0152748	0.0113111	0.0114221	0.0109734	0.0103915	0.00778488	0.00569188	0.00682889	0.00653545	0.00502317	0.00617448	0.00858231	0.00872475	0.00638633	0.00339985	0.00290797	0.00339977	0.00676565	0.0108126	0.00749014	0.00437565	0.00221869	0.00273462	0.00619331	0.00356686
0.032	0.0140698	0.0161157	0.0136586	0.0134399	0.0118033	0.00469345	0.0216262	0.012088	0.0131044	0.0126576	0.0126765	0.0103277	0.00879814	0.00804285	0.00866965	0.00577304	0.00749219	0.00995902	0.0093924	0.0075029	0.00328034	0.00258678	0.00310282	0.00938542	0.00942396	0.0102113	0.00629524	0.00269333	0.00317686	0.00809301	0.00473131
0.035	0.0173754	0.0211264	0.0180106	0.0169716	0.0126262	0.00517276	0.0209015	0.014838	0.0136278	0.0141584	0.0158439	0.011827	0.00712692	0.00932356	0.00976796	0.00713714	0.00804286	0.0114845	0.00923244	0.00842963	0.00475106	0.00248645	0.00326069	0.0106519	0.0125385	0.0111432	0.00651762	0.00299463	0.00336911	0.00865381	0.00559698
0.038	0.0209622	0.024737	0.0190119	0.0184271	0.0167123	0.00536433	0.0228825	0.0168858	0.0134546	0.0179149	0.0189265	0.0142474	0.0116659	0.0113053	0.0103272	0.00858325	0.0110718	0.013397	0.013681	0.0113228	0.00428656	0.00361701	0.0044229	0.0128435	0.0139025	0.0129829	0.00805052	0.00239892	0.0037425	0.0101872	0.00505887
0.041	0.0227413	0.0243895	0.0239005	0.0197038	0.0191526	0.00647886	0.0263674	0.0206032	0.0182243	0.0205273	0.0200065	0.0164506	0.0110169	0.0108143	0.0101516	0.00884666	0.0112372	0.0155401	0.0121769	0.011085	0.00484206	0.00380596	0.00463731	0.0142667	0.0165909	0.0126493	0.00791142	0.0025908	0.0044317	0.0128936	0.00660162
0.044	0.0232026	0.0314293	0.0245028	0.0209676	0.0186358	0.00766725	0.0276905	0.019763	0.0185513	0.0202609	0.020776	0.0193622	0.0127328	0.01328	0.0129035	0.0109039	0.0110605	0.0176176	0.0146621	0.0125773	0.00679761	0.0029327	0.00450103	0.0161411	0.0177496	0.0161422	0.0074374	0.00237108	0.00429015	0.0139853	0.00727851
0.047	0.0280748	0.0309693	0.0275683	0.0221251	0.0216312	0.00760373	0.0309651	0.0248034	0.0253702	0.0228502	0.0245696	0.0221153	0.0144306	0.0129262	0.014775	0.0110839	0.0121778	0.0203229	0.016414	0.0121221	0.00555231	0.0035742	0.00541391	0.0171734	0.019501	0.0142361	0.00890297	0.00262089	0.00490742	0.0155563	0.0073882
0.05	0.0304525	0.0353975	0.0303376	0.0280083	0.024734	0.00799097	0.0314739	0.0279345	0.0233579	0.0275028	0.0282077	0.0201112	0.0152733	0.0144383	0.0141997	0.0135588	0.0146906	0.024109	0.0171959	0.0146832	0.0057535	0.00488834	0.00526164	0.0178742	0.0221275	0.0165079	0.0111535	0.00341239	0.00615252	0.0178996	0.00811977
0.053	0.037509	0.0368077	0.0377747	0.030697	0.0282556	0.00998738	0.0403735	0.0316611	0.0278172	0.0264446	0.0288143	0.0246209	0.0159159	0.0158352	0.0151424	0.0119213	0.0141514	0.0238816	0.0177797	0.0150641	0.00784354	0.00424617	0.00575422	0.0191762	0.0261757	0.0182523	0.0110592	0.00323383	0.00701309	0.0189821	0.00813701
0.056	0.0321009	0.0423339	0.0366069	0.0313051	0.026852	0.0103731	0.0435007	0.0328909	0.0280727	0.0311043	0.0322571	0.0262046	0.0153364	0.0172003	0.0161799	0.015285	0.0167037	0.0252307	0.0181873	0.0176509	0.00601271	0.00396273	0.00591478	0.0230373	0.0267706	0.0230383	0.0108787	0.00383159	0.00765585	0.0207805	0.0095682
0.059	0.0420317	0.0477153	0.0427848	0.0361462	0.0291425	0.0102989	0.045728	0.0330203	0.029106	0.036251	0.0345632	0.0285212	0.0188593	0.0163977	0.0187163	0.0142981	0.0167897	0.0262945	0.0200104	0.0184152	0.00836988	0.00416393	0.00568333	0.0262995	0.0284742	0.0246952	0.0126038	0.00404993	0.00628393	0.0242933	0.010252
0.062	0.0400951	0.0482582	0.040453	0.0354936	0.0318355	0.0118148	0.0505569	0.0360464	0.0340913	0.0380208	0.0376893	0.0315159	0.0180042	0.0206433	0.0221696	0.0161756	0.0183657	0.0293747	0.0242844	0.0187503	0.00979652	0.00494461	0.00559636	0.0275051	0.0312884	0.0251762	0.0147926	0.00394443	0.0113905	0.0290123	0.00942991
0.065	0.0454341	0.0564943	0.0444625	0.0422105	0.0365451	0.0123982	0.0520421	0.0409714	0.0366769	0.0407169	0.0375679	0.0313711	0.0195344	0.0205071	0.0242411	0.0190787	0.0224984	0.0322291	0.026822	0.021393	0.0092363	0.00470117	0.00613537	0.0266816	0.034652	0.0276082	0.0147637	0.00404555	0.0123425	0.0290867	0.0106998
0.068	0.0505358	0.056734	0.0503636	0.0468818	0.0373476	0.0136102	0.0563631	0.0467401	0.0405858	0.0409975	0.0453197	0.0369559	0.0195358	0.022623	0.0223355	0.0193001	0.0193092	0.0375407	0.0268342	0.0236962	0.00862772	0.0060363	0.00691753	0.0302224	0.0345819	0.0292176	0.014946	0.00597842	0.0106965	0.0330793	0.0135841
0.071	0.050605	0.0624285	0.0539817	0.0497046	0.0401144	0.0132431	0.0621739	0.0498603	0.0432712	0.0446816	0.0460789	0.0363791	0.0253853	0.0227945	0.0263072	0.0214433	0.0251736	0.0368338	0.0309546	0.0255073	0.00970428	0.00605618	0.00758729	0.033536	0.0351071	0.0304126	0.0181448	0.00516478	0.0137557	0.0352367	0.0156127
0.074	0.0544624	0.0661339	0.0551229	0.0522155	0.045579	0.0143358	0.0710689	0.0478604	0.0429461	0.0494512	0.0463679	0.0408956	0.0208171	0.025011	0.0245179	0.0225586	0.0240665	0.0381956	0.029791	0.00468045	0.00838211	0.00526103	0.00924425	0.0356071	0.042926	0.0342482	0.0201244	0.00604029	0.0139317	0.0372329	0.0139498
0.077	0.05721	0.0724046	0.0591518	0.0539737	0.0445549	0.0152685	0.0717859	0.0550596	0.0494291	0.0516732	0.0525751	0.0433404	0.025689	0.0260397	0.0282912	0.0224377	0.0247565	0.0414754	0.035046	0.0055588	0.00737777	0.0062824	0.0092277	0.0359186	0.0447864	0.0388598	0.0194945	0.00534538	0.0138532	0.041222	0.0161568
0.08	0.0601864	0.0739233	0.0616417	0.0582061	0.0500135	0.0164963	0.0744882	0.0580953	0.0528741	0.0574605	0.0572719	0.0462296	0.0255233	0.0298014	0.0301345	0.0228125	0.0296694	0.0485864	0.0388077	0.00517469	0.00624576	0.00455852	0.00924295	0.0402799	0.0508872	0.0417296	0.0192645	0.00617925	0.0172733	0.0486379	0.0168739
0.083	0.0647563	0.0783469	0.0708311	0.0571954	0.0504494	0.0195827	0.077166	0.0631168	0.0536376	0.059431	0.0550879	0.0458845	0.0298468	0.0302002	0.034186	0.0257048	0.030902	0.0479827	0.0417876	0.00522109	0.0065371	0.00582339	0.0105631	0.0442188	0.0503479	0.039381	0.0218099	0.0070545	0.0202467	0.0515372	0.0180183
0.086	0.0700169	0.0782352	0.0756493	0.0622395	0.0548451	0.018172	0.0835872	0.0620924	0.0566642	0.0612725	0.0645055	0.0498975	0.0307032	0.030953	0.0349781	0.0271359	0.0286854	0.0470876	0.0413051	0.00504965	0.00556104	0.00671631	0.0101799	0.0463303	0.0546067	0.0433263	0.0232598	0.00730152	0.0223025	0.0550692	0.0220356
0.089	0.0741047	0.0850722	0.0716413	0.0657355	0.0601262	0.0193355	0.0887888	0.0685727	0.0628519	0.0683722	0.065924	0.0554894	0.0353459	0.0356811	0.0351446	0.0277844	0.0329091	0.0526387	0.00250012	0.00544454	0.00665906	0.0051458	0.010109	0.0487447	0.0561191	0.0481657	0.0245642	0.00969724	0.0232054	0.0622411	0.024613
0.092	0.0796855	0.0912748	0.0782005	0.0695611	0.0642185	0.0228591	0.0906765	0.0732297	0.0632502	0.0669872	0.0699999	0.0571085	0.0343079	0.0361614	0.0389246	0.0301036	0.0369975	0.0590035	0.00230298	0.00530468	0.00643471	0.00606343	0.0117739	0.0528299	0.058795	0.0500668	0.0248787	0.00974745	0.0239828	0.0650051	0.0258257
0.095	0.0760032	0.0974078	0.0807649	0.0808476	0.0680198	0.0225041	0.0955414	0.0795698	0.0699454	0.0749826	0.0736007	0.0606339	0.0367915	0.0379437	0.0423867	0.0333057	0.0368573	0.0590615	0.00282067	0.0055093	0.0059021	0.00559575	0.0122135	0.0568479	0.0649667	0.0554138	0.0271923	0.0121083	0.0284694	0.0742535	0.0277571
0.098	0.0836285	0.101678	0.0895488	0.0821815	0.0653779	0.0225033	0.102307	0.0773738	0.0705921	0.0738996	0.0751174	0.0656438	0.0422195	0.0375518	0.0439907	0.0330384	0.0383149	0.0658133	0.0025673	0.00529919	0.00578316	0.00617972	0.0109615	0.0624941	0.0694505	0.0547939	0.0265503	0.0121887	0.0276603	0.0738968	0.0338692
0.101	0.087867	0.106092	0.0885168	0.0769877	0.0704471	0.0253641	0.102325	0.0851486	0.0791563	0.0777288	0.0791638	0.0676728	0.0394274	0.0416232	0.0434426	0.0352238	0.0410859	0.0669662	0.00277599	0.00578714	0.00700151	0.00534783	0.0139409	0.0616315	0.0729298	0.0596395	0.0323073	0.0146735	0.0316592	0.0813581	0.0373957
0.104	0.0941104	0.109532	0.0992814	0.0872069	0.0761935	0.0275131	0.112899	0.083799	0.0782802	0.0816619	0.0897845	0.0695322	0.0440246	0.0421347	0.0454555	0.0358641	0.0454499	0.068592	0.00264231	0.00557811	0.00661583	0.0056661	0.0135725	0.0682618	0.0765429	0.0586407	0.0321324	0.0142072	0.0375794	0.0911151	0.0395226
0.107	0.0964951	0.119707	0.0964412	0.0865839	0.0766234	0.0323597	0.120555	0.0925382	0.0811681	0.0926745	0.0914025	0.0712384	0.0409023	0.0471036	0.0529234	0.0348638	0.0446985	0.0717754	0.00260135	0.00483666	0.00662282	0.00529243	0.0138137	0.0708884	0.0850684	0.0627268	0.0306858	0.0151507	0.040149	0.0991326	0.046408
0.11	0.0998153	0.125161	0.102663	0.0933679	0.0783369	0.0320708	0.121432	0.0933449	0.083519	0.0914878	0.0855896	0.0764075	0.0487279	0.04878	0.0487607	0.0354168	0.0489981	0.0779096	0.00266266	0.00544628	0.00686174	0.00599717	0.0154243	0.0710274	0.0868205	0.0706443	0.0316898	0.0164117	0.0438547	0.0989796	0.0496999
0.113	0.108292	0.126189	0.115382	0.102667	0.0852942	0.0328308	0.128777	0.0996149	0.0921107	0.0957826	0.0968617	0.082157	0.0464747	0.0476755	0.0501822	0.0406316	0.04766	0.0799476	0.00270742	0.00535876	0.00740224	0.006559	0.0181099	0.0750668	0.0961554	0.0727084	0.0366651	0.0186843	0.0468282	0.117568	0.0568257
0.116	0.10814	0.126401	0.123129	0.105112	0.0875208	0.0335061	0.132467	0.103691	0.0970519	0.0955613	0.0972007	0.0803995	0.0457594	0.0490695	0.0552553	0.0454725	0.0516153	0.0823236	0.00292749	0.00573844	0.00706357	0.00790018	0.0159964	0.0791287	0.0912169	0.0749911	0.038986	0.021538	0.0491216	0.130357	0.0662777
0.119	0.112128	0.131882	0.120594	0.106682	0.0925586	0.0394005	0.127932	0.106666	0.100082	0.104266	0.1053	0.0910102	0.0490888	0.0489223	0.0578117	0.0459419	0.0510331	0.0896905	0.00311403	0.00571639	0.00724189	0.00755974	0.0163369	0.0785321	0.097137	0.0755387	0.0400338	0.0222861	0.0554833	0.139034	0.0795322
0.122	0.118847	0.137459	0.117999	0.11371	0.0996833	0.0373431	0.143415	0.112067	0.100718	0.108154	0.111763	0.0868769	0.0520106	0.047521	0.0544148	0.0476069	0.0559248	0.0945277	0.00312742	0.00528836	0.007463	0.00735484	0.0178737	0.0892382	0.105624	0.0719795	0.0422486	0.0222134	0.0612479	0.151241	0.0921725
0.125	0.114521	0.143979	0.127796	0.120828	0.098028	0.0403049	0.143183	0.111922	0.105359	0.107739	0.11759	0.0972108	0.0566333	0.0532954	0.0618666	0.050576	0.0510792	0.0944136	0.00296631	0.00621569	0.00816018	0.00697814	0.0199356	0.0936199	0.104994	0.0820098	0.040154	0.0242495	0.0695838	0.163799	0.112265
0.128	0.134973	0.148131	0.132405	0.122533	0.103927	0.0437067	0.146698	0.118187	0.113036	0.117016	0.118754	0.102099	0.0579568	0.0538147	0.0615112	0.0537667	0.0616862	0.100644	0.00311734	0.00601195	0.00670121	0.00762185	0.0170899	0.0988398	0.111272	0.0887919	0.0446625	0.0263815	0.0750321	0.185315	0.12301
0.131	0.136086	0.153153	0.14394	0.123442	0.108081	0.0411966	0.150501	0.130253	0.114724	0.121946	0.120677	0.100279	0.0573129	0.0600812	0.0647612	0.0523355	0.0598585	0.10855	0.0032983	0.00596161	0.00785214	0.00756883	0.0198518	0.0975106	0.113538	0.0906141	0.0478378	0.0295989	0.0772549	0.192024	0.134632
0.134	0.12984	0.165542	0.147333	0.131719	0.109996	0.0477765	0.154962	0.127766	0.12074	0.1214	0.127814	0.107958	0.062158	0.061768	0.0685959	0.0552278	0.0599311	0.103406	0.00320224	0.00623821	0.00771132	0.00789361	0.0188208	0.103876	0.124749	0.097344	0.0533427	0.0337098	0.0810166	0.213998	0.153233
0.137	0.145103	0.17075	0.149147	0.133072	0.116986	0.0484649	0.1685	0.136116	0.118343	0.126654	0.13535	0.112494	0.0638107	0.0657603	0.0669386	0.0544697	0.0641137	0.11661	0.00360921	0.0064116	0.00787015	0.00936649	0.0216656	0.105295	0.123643	0.0975324	0.0536103	0.0331408	0.0898181	0.233086	0.160131
0.14	0.14967	0.179603	0.154058	0.134962	0.121066	0.0504869	0.170272	0.141178	0.130253	0.132966	0.138278	0.111998	0.06671	0.0617354	0.0696158	0.0587627	0.0700247	0.118013	0.00333906	0.0070057	0.00802916	0.0117002	0.0224487	0.108067	0.126218	0.0995991	0.0539489	0.0373075	0.103907	0.259119	0.175797
0.143	0.155561	0.172873	0.155589	0.145098	0.120851	0.0546804	0.177891	0.146567	0.129988	0.139893	0.140422	0.11429	0.0716985	0.0708047	0.0715489	0.064309	0.0770136	0.00140115	0.0033531	0.00614975	0.00861931	0.00842734	0.0231341	0.11983	0.133765	0.114977	0.0558063	0.0422487	0.109386	0.301112	0.182395
0.146	0.156403	0.186967	0.166971	0.149878	0.124245	0.0549188	0.181621	0.145397	0.128917	0.143686	0.153104	0.123585	0.0703747	0.0725802	0.080054	0.0573648	0.0774108	0.00163043	0.0033403	0.00703866	0.00928987	0.00925277	0.0231901	0.126007	0.143653	0.112537	0.0577859	0.0484285	0.128643	0.335347	0.185143
0.149	0.166817	0.184101	0.163519	0.152785	0.131633	0.059061	0.18452	0.152821	0.14275	0.148232	0.155299	0.123455	0.0708678	0.0705417	0.0737452	0.0603734	0.0779067	0.00159818	0.0037645	0.00650382	0.0096101	0.00975507	0.0257895	0.126699	0.150318	0.110974	0.0557756	0.0501436	0.139014	0.380607	0.198549
