Reference Amplitude (V)	6200Hz	6250Hz	6300Hz	6350Hz	6400Hz	6450Hz	6500Hz	6550Hz	6600Hz	6650Hz	6700Hz	6750Hz	6800Hz	6850Hz	6900Hz	6950Hz	7000Hz	7050Hz	7100Hz	7150Hz	7200Hz	7250Hz	7300Hz	7350Hz	7400Hz	7450Hz	7500Hz	7550Hz	7600Hz	7650Hz	7700Hz	7750Hz	7800Hz	7850Hz	7900Hz	7950Hz	8000Hz	8050Hz	8100Hz	8150Hz	8200Hz	8250Hz	8300Hz	8350Hz	8400Hz	8450Hz	8500Hz	8550Hz	8600Hz	8650Hz	8700Hz	8750Hz	8800Hz	8850Hz	8900Hz	8950Hz	9000Hz
0.02	-2.6255	2.48047	1.98689	0.112696	-1.01419	2.43607	2.89268	-0.991939	-2.08013	2.62701	1.49837	-2.83539	-0.908112	1.15316	2.45611	-2.23266	-0.346644	-2.54679	-2.76765	-0.551717	-0.761054	-1.51104	-1.80402	0.670405	1.97163	2.34251	1.37728	2.2999	0.0387734	-0.811381	-1.99751	0.130696	-2.80103	0.87682	1.13853	2.03109	0.586896	-2.2998	-0.257819	-2.21392	-0.603351	2.58559	1.9891	2.70954	-2.69043	1.46592	0.241063	0.9652	0.132427	-1.21457	-1.57953	1.84367	2.134	1.14378	-1.9295	0.958714	2.50736
0.023	2.42028	1.48051	2.18324	1.10174	3.05022	1.65559	-1.05372	-0.826746	2.34214	-1.94441	0.417446	-0.309157	-0.035222	0.733334	0.161064	0.857107	-1.45529	-3.04739	-0.665564	-0.885507	0.398411	0.978904	-0.7926	1.87657	0.445609	0.006056	-2.07318	2.60441	-2.60129	1.26143	1.63833	-1.12503	0.580164	-3.02646	-1.05475	-1.51525	-2.85617	0.493175	-1.20173	-2.93988	0.958455	2.77332	-0.980163	-1.89496	-0.0596096	-0.181401	-1.48161	0.474402	0.456091	-0.0925092	-2.7372	0.208771	-2.94858	-1.71424	-1.72197	0.452916	1.00859
0.026	-0.678062	-0.498781	-0.0076832	-2.56949	1.60166	-2.94935	-2.06486	1.76627	-0.751194	2.89618	-2.53524	-2.8376	1.86119	2.66588	-1.70385	-0.539312	0.79978	-2.85828	0.819695	-2.86236	1.75853	2.26376	0.343505	-1.67553	-2.07386	2.0844	1.22254	-0.853587	-1.76487	-1.61592	0.575859	-0.846307	2.8907	-2.84884	-0.13305	-3.08318	-3.033	0.0434728	1.79967	2.823	1.28138	-2.92687	-1.58778	0.555103	1.8554	-2.98021	0.555385	-1.79955	-1.03772	-2.80875	3.03378	-2.8733	0.0118889	-0.965389	0.489117	0.960629	1.52728
0.029	-2.11659	0.450037	-2.57611	2.9091	2.51392	-2.06535	-0.724439	-0.0535873	1.80148	1.76598	2.4409	-2.49621	-2.79941	-2.51493	-1.56863	-2.66492	-2.68851	1.4152	2.42689	1.54913	-0.618705	-0.638428	-1.5902	0.783691	-1.34689	-0.545213	2.52491	-0.210881	-2.9298	-2.32054	-0.952877	-2.14125	0.846076	1.72327	2.08365	1.48436	0.895367	-0.772552	-1.61973	-1.02271	2.61876	1.56856	0.23753	-2.55629	-1.74274	0.239917	0.903263	0.0962958	1.97219	1.7202	-1.57589	-1.05736	0.525421	0.92195	1.39411	0.978792	-1.91147
0.032	2.18565	1.52943	2.59422	-1.43469	0.922381	1.23636	-2.55853	-1.76299	0.313188	-1.62681	0.342894	-2.34026	-2.34919	-0.631174	2.61795	-1.63781	0.863864	1.46319	0.490436	-0.431384	2.97539	-0.76987	2.74487	-2.1477	0.129139	1.55757	1.46586	-1.88812	-2.42606	-1.81546	-1.24643	-0.83759	1.05237	-0.645589	-2.53738	1.56701	-3.00656	-1.69336	0.587347	2.10229	-0.152758	0.984283	-0.360067	-3.1358	-2.80616	1.90185	-1.40523	0.892901	2.68157	0.618755	1.83979	-2.13456	3.13435	0.881859	-2.10198	-0.247881	-1.86185
0.035	2.70983	-0.920148	2.05517	-0.038471	1.4454	-0.188089	-0.345085	-1.45967	-0.990078	-3.02191	1.18168	0.551185	0.791921	-1.56404	0.183431	0.0506216	-2.43305	-2.20435	-2.49051	-1.47988	1.85935	-1.99268	2.15219	2.53223	-1.72736	1.52569	-2.77926	-1.81126	0.815353	-1.43875	0.515512	-2.91534	2.5741	-0.488644	0.345203	2.05618	1.65609	-1.30291	1.21142	2.66673	-2.29551	-1.93251	-2.18485	0.791696	0.798273	1.77619	3.0364	-1.65543	-0.877967	-0.0978856	-2.61013	1.50634	0.0852808	-2.49465	0.834688	0.77085	-2.32994
0.038	0.408253	-1.0699	-2.5577	2.12661	2.63596	-1.38067	1.04834	-0.677155	-1.82268	2.3644	1.672	-2.74649	1.58114	0.235697	-2.00435	-1.96072	-0.800032	0.0241998	-2.24425	1.82311	1.09298	-1.68272	-1.66057	-2.8934	-1.31223	-2.68441	2.56878	-2.38889	-0.343244	0.308326	-0.12945	-0.489385	-2.35951	-1.19917	-1.01639	-1.99346	-1.11111	-2.0386	2.80221	-2.6523	2.73105	-1.24653	-2.92302	-1.53153	1.80557	-2.09786	-1.14191	2.77602	2.5899	2.20277	-3.12714	-2.03113	0.995623	-0.886073	-2.11558	0.631853	-0.694714
0.041	-1.024	1.02846	-1.31369	2.3086	1.31468	0.389506	3.03673	2.72081	-0.422859	-2.73474	-2.59237	-2.15628	-0.343119	-2.77491	-2.86429	-1.21211	3.01325	0.818518	-0.777805	-1.25082	0.44781	2.96746	-1.13384	0.507618	-2.94665	-0.397855	0.415382	1.85838	0.096455	2.37524	2.2755	2.1784	-2.77322	0.0162883	-0.426565	1.29697	0.875905	2.80868	2.52831	-1.0247	-1.05555	0.703137	-1.56361	1.32199	-1.67296	-2.07315	2.46989	2.98975	2.93572	-0.0194207	2.53979	1.37634	0.731084	-1.71444	2.60183	2.08099	-2.77007
0.044	-2.56215	2.26696	-0.934539	-1.62131	-2.35357	-0.908649	2.07054	-1.20381	2.37175	1.03185	-2.39921	-0.629522	-0.577879	2.40853	1.1906	0.963143	0.0567548	2.25544	2.49454	-0.878663	-0.282094	-3.0003	0.0657944	-0.97042	0.950177	-1.56714	1.7532	1.05688	-0.239655	0.983988	-2.44508	2.57175	1.20884	0.316153	1.74597	2.28691	-0.00773004	-2.6944	-1.96494	2.13547	-2.69017	2.28608	2.63051	-0.836016	-1.88903	-0.803654	0.20861	1.55057	-0.923782	2.95618	-1.24381	-2.13369	3.02331	-0.763466	-2.16358	-2.65088	0.766613
0.047	-0.535308	1.18593	-2.56682	-2.11956	1.04766	0.43549	-2.25637	2.24583	-2.91386	-2.73021	1.61197	-1.74284	-1.55114	-2.93885	-3.04175	-2.36509	-0.00429531	0.825239	-1.71292	-1.90517	-2.16093	2.75263	0.015259	-1.09035	0.615237	-0.341623	-2.60895	2.80028	-2.44572	2.66254	-2.23234	-1.62638	-3.07888	-1.34163	-1.77389	-2.901	-2.00822	-3.06478	1.19737	-1.01885	0.309416	0.73008	2.78783	3.13511	1.32575	1.30871	-2.68967	-0.770881	-0.98067	-2.04953	1.52094	-1.33361	-0.598319	-2.21697	-2.83185	-0.461378	0.815641
0.05	-1.1566	-0.947566	0.89504	2.87554	-0.653795	2.66493	-0.492134	1.17621	3.09502	-2.92524	0.487236	1.5025	-2.23509	-2.00204	1.21846	-2.64286	-2.94244	0.158155	-2.89012	1.45861	1.63403	-0.773185	-3.01113	1.05385	2.18305	-1.75692	-0.961141	0.346	0.545644	-0.0705212	1.28591	0.261622	1.64151	3.03333	-0.985898	-1.70321	0.781607	3.13447	3.04091	0.480015	1.69457	1.67896	0.549797	-1.55568	1.2002	1.50206	-0.933142	0.225847	-2.62753	-2.97803	2.5006	2.17387	2.66605	-1.83156	0.875615	0.897316	-1.74621
0.053	-0.176412	1.22073	1.4477	-1.65284	2.25434	-1.30632	-3.09758	-1.73855	0.0946921	3.02264	1.50481	-0.511348	-2.26295	-1.58494	1.77637	0.104058	1.60972	-1.84232	1.37699	0.321829	-1.0041	2.97748	-2.34896	1.02784	-3.01915	-1.32659	-2.21092	-0.0307552	2.82717	1.94755	0.308821	-2.01954	-2.93546	1.51166	1.82817	-2.0082	1.51662	-1.87585	2.63156	1.65739	-2.08368	-2.96316	0.654318	2.13758	0.270208	-0.174568	-3.0781	-0.0692932	0.0770706	2.667	1.74541	-0.418222	0.951302	1.16303	0.309395	-0.309251	1.40035
0.056	-1.14433	0.987011	-2.05084	-0.720668	-1.19836	-0.806726	2.63958	-1.86339	-1.08801	0.836369	-1.02118	1.75778	0.995403	2.29939	2.70859	3.02734	2.19502	-1.06588	0.439652	-0.958273	2.84712	-1.11374	-3.07769	-1.14655	-1.67754	-2.25164	-0.322858	1.10529	-0.186194	-0.440515	-0.98498	-1.7483	-2.18545	-0.638337	-1.66296	0.197347	-1.76538	-1.36265	-1.94469	1.32804	0.00502155	3.04099	2.89267	-0.309764	1.96434	-0.490539	-2.76111	1.12554	2.53989	1.59536	2.17182	-1.35214	0.919351	-1.55484	0.770656	2.72915	2.40375
0.059	2.94725	2.05761	-3.07042	2.07774	0.846262	-1.86674	0.396028	-2.85419	0.613226	-2.53072	-3.05574	0.628767	-0.193019	0.821269	0.440517	2.87827	-0.643798	-0.416842	-2.90443	0.60542	0.806147	-2.44227	-0.182537	2.45246	-2.81075	2.33951	2.13349	0.129807	-2.61013	1.95563	-3.04954	-2.07096	0.350196	-1.56431	1.43841	-2.69786	2.41266	1.9512	-2.24675	-3.13531	-0.108892	1.94599	1.00685	-2.80051	3.07307	-1.55118	2.26849	-0.952309	-1.7981	-0.180154	-2.22032	2.17904	-0.623656	0.487421	2.64457	2.32447	-0.608164
0.062	-1.13406	1.26971	-0.678191	-0.56868	-2.8833	-2.80942	1.61898	-0.234926	0.11289	3.134	-1.93205	-2.00706	-0.224363	1.68329	2.70906	-0.942128	2.51947	3.00339	-1.64581	-2.40012	-1.49219	-0.878754	1.74346	-1.9565	2.57878	-2.30376	2.33695	-1.73858	-0.554508	0.715571	1.57841	-3.10006	-1.4092	-2.65618	1.9109	-1.61955	0.933937	-1.73382	2.31395	1.43911	-1.42454	0.459546	2.93779	-1.97156	-0.609617	1.61776	-1.02777	0.958345	0.550758	1.53031	0.376469	-0.489778	1.40492	-2.5685	-2.66423	0.358919	-2.85632
0.065	-0.634164	-2.94738	-2.7224	-0.55725	0.130315	2.63133	0.976781	-1.49729	-0.281566	0.713256	2.08923	1.77617	0.941011	-2.90749	-0.016363	1.62333	1.62772	0.881998	-2.69849	2.71893	1.53154	2.4939	3.09479	2.77723	-1.09712	-0.448284	-0.437138	1.61261	-2.24238	0.259459	1.20402	-1.87813	-1.7594	2.12086	-1.11423	0.411272	-0.523828	1.11511	-2.4078	0.713243	0.747796	0.319842	-2.40422	-0.793073	0.858023	-2.26421	2.29073	1.54734	-2.26776	-2.95302	-2.43423	-1.70499	-3.00535	0.688878	-2.42621	-2.60369	2.49587
0.068	3.1033	-0.391	-0.663346	2.90065	0.584038	0.721704	-1.26535	-1.19598	-0.32695	0.433008	2.99306	-1.60423	-2.02343	-3.06215	-0.387508	2.06637	0.241828	-2.87471	-2.18338	2.42795	-0.877276	1.09215	-1.83571	-0.267717	-2.48716	-2.00122	1.55476	2.04371	-1.91291	0.576175	-1.95522	1.48162	-2.37904	-1.63063	1.94475	-3.07231	2.52744	1.22507	-2.31147	2.09624	1.33655	0.703285	1.71207	-1.66447	-0.351774	2.0743	-2.68702	2.66253	0.960893	1.84607	-0.891967	2.84983	-0.529129	-0.137242	-1.69265	1.15866	-1.27028
0.071	-2.64443	0.728366	-2.38607	-2.68702	-2.33331	0.157649	1.93395	-1.21017	0.884893	-0.419955	-2.32988	2.51952	3.05629	1.04038	1.32481	1.99209	0.129056	0.0536267	0.939866	-1.41403	2.68945	2.62122	2.86331	-1.14126	0.93461	-0.00221061	-0.780307	2.28017	-2.0376	0.898496	-1.12654	0.438788	2.92804	1.63355	2.86702	2.10021	2.97546	0.615855	1.97283	0.0784521	-2.50238	-1.36207	-1.145	1.1854	-0.594755	1.67743	1.6102	1.14199	-1.74943	2.27129	0.117522	-2.77359	2.05606	2.1126	3.13975	1.51189	2.13032
0.074	0.0925122	2.52182	-0.231383	-0.535793	-1.02954	1.14204	-2.42388	-0.90647	0.413854	-0.117904	2.66992	-1.99812	1.26029	0.835046	2.8114	0.581309	1.25571	2.58227	-2.59215	1.21924	-0.652847	0.137529	-2.34038	0.317615	2.03326	1.59995	0.524814	0.191236	2.95291	0.95739	-2.53583	-2.60767	-1.49269	-0.277134	-0.113452	0.205605	1.13212	2.36222	0.796077	2.1437	2.19229	0.870281	-1.88406	-0.954884	0.512616	-3.11112	-3.12917	-2.32776	-0.577768	1.13787	-2.01195	-2.6095	-0.309103	2.41531	0.0536641	-1.93547	-2.4972
0.077	-1.46644	-1.97208	0.740744	-2.62459	2.37915	-2.85595	2.24988	-1.28585	-0.931369	0.583556	-0.456941	2.82704	0.975385	1.53927	2.96974	-2.64222	-2.19117	1.01395	0.095491	-0.0164318	2.67077	-2.54999	0.555238	1.80852	-1.4576	0.678044	0.302483	-1.38506	-2.80784	-2.22954	-1.03965	-1.08503	-1.87449	1.97148	-1.39141	-1.59166	1.57707	2.72765	-1.4826	2.57782	-3.08221	2.79351	0.383524	2.16045	3.03021	-0.682745	2.68996	-3.00407	-2.29353	-0.855126	-1.16607	-2.49239	2.81675	-0.708241	-1.31489	-2.88195	0.0955959
0.08	2.92804	-3.11037	-0.731059	-0.227364	-1.46963	-0.141085	-0.743314	-0.916508	-1.2912	-0.463193	-1.29544	0.407019	-0.798368	-0.821834	-1.23166	-1.86569	-1.12824	-0.205592	2.06515	-1.59177	0.656909	-2.87131	1.77678	1.82424	-1.94969	2.02858	2.52779	-0.285664	1.37841	-0.537051	2.97915	-1.52811	0.780298	0.948528	-1.02643	1.54913	1.23172	1.56705	-2.22722	-1.19351	-2.39261	2.86034	2.58368	0.496859	-2.03999	-3.11485	1.52378	-1.77341	-1.5497	-0.485257	2.45474	0.219658	-2.47169	0.247278	-3.13364	0.198461	-0.803558
0.083	-0.978382	0.222393	-0.114899	-0.527166	-0.0258397	-2.3956	2.15092	2.47599	-1.97404	-1.13247	-0.884289	3.07561	2.98297	1.96827	-2.68468	-2.69785	-1.0842	2.7685	-2.29616	3.08638	0.630482	2.60709	-1.02007	-1.60873	-1.13378	0.0515601	1.58935	2.3998	1.25623	0.42497	2.78366	0.199103	3.11909	-0.776926	-3.10618	1.22762	2.37473	-2.21047	2.7232	0.267498	0.91428	0.879875	0.983472	-2.13837	-2.44726	1.61312	-2.98603	1.73129	-2.5855	-2.23725	-1.32877	-0.226934	2.16077	2.78418	-0.431964	2.33516	1.78773
0.086	-2.32073	1.30676	-0.600488	2.3305	-1.66439	0.692952	1.77366	-1.28793	2.85312	2.25245	1.24958	-0.618666	-2.9423	-0.940037	2.56245	2.00783	-2.88313	2.03804	0.163503	-0.465318	0.784224	-0.752503	2.07191	1.77097	-2.08424	2.97092	-1.0536	-0.861861	0.00386248	-1.79819	-0.960242	2.95375	-0.677364	0.312171	-1.18343	-1.70141	-1.9169	1.98659	-0.59772	-2.58603	-0.434456	0.509013	2.33407	1.37596	-0.293687	-3.08836	1.91711	-0.162767	-0.481021	2.46853	-2.44325	-0.922845	-2.76774	1.16894	-2.4829	0.450686	-0.294962
0.089	-0.512974	-0.431658	-1.07041	-2.17626	1.76432	-1.32861	-0.104481	1.58633	1.34089	-2.47223	-2.53951	1.60278	-1.4797	1.77445	1.31443	-2.60516	0.413805	1.51061	2.33635	-1.96034	3.06243	-2.72649	-1.93531	2.24429	-2.10607	0.312053	-2.79359	-1.90616	-0.203263	-1.13594	2.94332	-0.342925	-1.77967	-1.48251	-1.45144	0.757231	1.05557	2.17907	1.79701	0.929463	-2.88329	0.173425	-2.15266	0.567529	-1.22105	0.950025	-0.996053	-1.23647	-1.61311	-0.0575634	-0.936497	-0.847134	-0.356003	-2.29863	-2.33215	-2.23297	2.80005
0.092	0.415271	-0.51113	-2.63097	2.4981	-0.538327	2.73451	2.54208	-0.72661	0.847864	-1.75436	-2.32755	-0.479575	0.507777	0.920147	-1.83641	-0.81299	2.16689	-1.25781	-2.31737	-2.13433	-0.341374	2.22802	-1.81471	-2.4432	0.594415	0.251096	-1.13894	-1.68303	0.234645	2.60731	-1.37073	-0.545934	2.58872	-1.20717	2.52316	0.532581	3.06236	2.27432	2.83934	-1.41456	2.27784	2.72669	-0.0453297	2.30065	2.70785	2.88688	1.21481	-0.211121	2.42042	0.659653	0.515873	-0.804393	-2.0681	-2.89338	-2.51795	1.37188	2.60023
0.095	-1.342	2.04845	1.14582	-0.932167	0.149677	-1.12246	-1.24007	2.56919	-2.77539	2.6809	-2.29795	0.0236219	-1.10866	3.01543	-3.06229	-0.971942	-2.84056	-2.94117	0.502846	1.74581	0.133249	-1.54024	-1.4662	-1.82992	-0.411686	2.63482	-1.39436	-1.61982	-0.326122	0.475808	2.87013	-1.31579	-0.327477	-0.238779	1.54384	-0.0547086	-2.7706	0.104024	-0.647205	2.56764	-0.081429	-0.947456	1.28112	-2.06914	2.0721	0.641976	1.93495	0.78262	2.9007	0.858607	-2.96687	-0.601672	0.387822	1.76984	3.01194	2.44485	1.83667
0.098	-0.771382	-1.78052	-1.44467	-0.495189	1.8326	0.849326	1.17131	2.54937	-1.2167	0.208933	1.90478	-2.53693	-2.63795	-2.2526	-2.4052	-0.94376	-2.16377	0.504072	2.96217	1.21286	1.62877	3.06068	-0.195958	0.130855	-1.45846	-2.66834	-1.93641	-2.82989	0.339318	2.66051	2.80876	0.443804	1.90786	0.581842	3.09194	2.96825	0.854558	0.278264	-1.92664	2.37679	-1.92622	2.13426	-0.802717	0.883258	1.03891	-1.60481	-1.56833	-2.38481	3.03873	-0.75986	-2.03406	1.68311	2.83832	0.512319	0.16046	2.54566	-0.214105
0.101	2.10914	-2.51511	-0.454743	1.2658	-2.65736	2.15588	0.376634	1.22191	-1.33469	1.90532	2.32569	0.136506	-1.47055	1.56016	-1.23388	-0.418989	2.4108	-0.126735	1.81906	-2.63275	-1.69184	1.83845	-0.753064	1.06678	2.39859	-2.78567	-3.13687	1.33694	-2.72391	2.50809	-1.14281	0.0135814	-0.30314	0.491324	-0.865517	-1.4973	1.99379	-2.56093	-2.24946	-1.57813	0.642675	0.159615	-0.0113671	1.75373	1.8268	0.652503	-0.79723	-0.986837	-0.852523	0.745361	1.77213	1.08572	0.546712	-1.60307	0.548907	-0.303235	-0.906209
0.104	-2.37436	1.30151	-1.45338	1.24348	0.298829	1.93408	-2.33849	1.50714	-2.04808	-0.93063	-1.15201	0.904247	-1.35972	-2.81603	-1.65838	-2.37822	-2.29829	-2.85444	-0.560999	-2.44326	2.73567	-3.07276	1.48968	2.42624	-2.89202	2.59962	-3.00603	1.21831	2.75499	-2.69626	-2.41014	0.188662	-3.12298	0.989337	-2.02645	-0.848385	0.150603	-0.313589	-1.45832	-2.08398	-3.12996	-2.29946	1.96782	0.927122	2.08146	-0.407692	0.0086849	-0.228106	1.26367	2.91134	1.56668	-2.14704	0.617849	1.28792	-0.119602	-0.365136	-1.00618
0.107	1.8849	-2.49516	-3.00002	0.358934	2.88497	0.661803	0.252555	1.34253	1.12711	-2.43447	-0.0283099	1.58437	-0.305096	-2.57211	0.774251	1.09958	-0.275296	0.705297	1.69528	-2.90164	-0.638924	2.555	0.197688	-0.071024	-2.52502	2.12426	0.581503	1.30227	-1.39319	-0.612362	-3.02612	-2.02868	-2.61036	1.60356	-0.841694	2.74149	1.42491	2.5963	-2.36749	0.79365	1.21195	0.749913	0.00727649	-0.61263	-0.749098	0.0797998	-2.11203	-2.32331	1.60148	-2.06626	-1.85684	-2.2237	0.898982	2.13995	-0.585359	-2.90038	-2.75876
0.11	-2.60442	3.04773	1.52254	2.87199	1.51004	2.8342	-1.54851	0.554865	2.03792	2.57424	-0.665698	2.11937	-1.11486	-2.76963	-0.679789	2.36582	2.88852	0.834741	1.80883	1.03805	-2.41062	1.32553	1.30077	0.148299	-0.326184	2.49874	-2.08065	0.543412	-2.34162	1.61183	-1.13528	0.760155	-0.930126	-0.921743	-1.98362	-1.88335	0.152481	0.550313	-1.39241	-1.38598	-0.666365	0.969463	1.50342	-0.207302	-3.11085	-0.235262	2.63172	-0.242676	-2.19394	-0.0410918	-0.87602	1.84992	-0.121404	-2.86477	-1.54689	-1.84109	0.563726
0.113	-3.02511	2.98601	2.81666	-1.89506	-0.898062	-0.514595	-3.10741	2.90794	-2.25056	1.24979	-2.62424	-2.50165	-1.55119	-1.81903	-1.40531	2.57402	-1.16348	0.0371858	-0.758555	0.41868	-1.75068	-0.229286	-0.0426276	1.38135	0.941934	-0.355005	0.896798	2.23631	-1.37549	-0.980234	0.466397	3.0603	-0.546337	2.78572	0.738937	0.0559016	-1.95326	0.43558	0.189201	0.859595	2.42674	-1.95067	2.14599	-2.62075	1.83055	1.0843	-3.03826	2.53569	0.936612	-3.05054	-0.947578	1.63941	1.66134	0.381752	0.0316147	-2.38191	-1.703
0.116	1.67385	1.61013	0.111991	-2.22696	-0.311178	1.24605	-2.88334	-2.56488	3.0932	0.295159	2.69899	1.39206	0.603674	0.34302	1.98688	-0.944791	-1.13016	-0.141799	-2.94022	2.13607	0.0868567	-2.26324	2.44104	0.467867	-0.216986	-2.70186	3.13352	1.53158	-2.52645	0.305418	-2.85943	2.94825	1.38344	-2.10043	-0.0222599	-2.47847	0.673514	-1.62184	-0.867652	-0.83385	-0.0438328	2.85188	1.98765	-2.72812	-2.45546	-0.96742	2.9515	-2.33183	-0.260061	0.831955	1.52426	-2.85611	-0.513207	3.12751	-0.144056	-2.58968	0.462076
0.119	0.964185	-0.832427	-2.04529	-0.860039	3.11653	-1.19252	-1.29124	1.61194	-1.29121	2.78151	-3.13256	0.0671145	1.20159	3.00609	-1.23747	-2.7861	-2.61344	-1.12168	-1.84494	1.02757	-0.232555	-2.76987	2.70523	-1.52916	0.685833	1.32254	-1.86343	-0.292134	-1.30617	2.48972	0.596627	0.0685872	-0.43724	-2.24009	2.45282	1.32312	0.856108	2.15556	-2.81055	-0.786728	0.394356	1.76859	2.7882	-0.206848	3.03689	1.62594	1.89287	-0.055873	-1.63429	-2.37851	2.04729	0.64687	-2.1789	-0.978183	-0.645682	-1.87237	-2.10564
0.122	-2.99966	1.68526	2.56719	0.940715	2.20239	1.73157	-2.25501	-0.807614	0.241315	1.45217	-0.343852	1.24863	-0.229692	-2.58516	-1.27811	-2.31952	0.974797	-0.025356	2.90465	0.392476	2.2163	1.37544	-1.71724	0.849366	1.12344	-1.37008	1.05541	0.453399	-0.49432	2.7313	-2.222	-0.106935	2.42035	-1.01114	1.15779	-2.34429	1.53254	-0.644171	1.08027	1.71421	1.1377	-0.328952	-1.99432	-3.05244	2.01177	-1.78663	-2.23425	-2.15366	-1.78024	0.651095	-0.443048	0.551263	2.14424	1.64095	2.05782	-0.694098	2.04263
0.125	0.155025	-1.44606	1.06933	-2.24076	-1.06979	-2.81449	-1.24533	-1.2174	0.63107	-0.100034	2.8044	-2.07347	2.56489	2.65184	0.487679	0.592284	-1.25379	-1.32529	1.197	2.04133	-0.508584	0.242042	1.23329	1.71036	2.89269	0.48788	-1.70901	-0.574338	0.0978765	-0.111605	2.72459	-2.04958	2.3834	0.300016	2.40475	2.05254	2.01238	-2.33958	1.07233	-2.60974	2.61578	1.53164	-0.197959	1.64425	-0.597439	2.67815	1.63733	0.0876115	-1.5434	-1.31026	-1.71594	2.96368	3.03802	1.76691	-0.0272716	-1.70492	-2.07088
0.128	2.08703	-0.290493	2.61382	-0.71666	2.37634	2.92083	1.84726	2.58383	-2.36017	0.269036	0.497744	0.190262	-0.0388032	-1.5799	0.553684	0.292608	2.74531	-0.131121	2.23983	-0.453556	1.60822	1.92993	0.117286	0.349631	2.41234	0.868042	2.24372	0.148814	-2.79915	1.83315	-2.24299	-1.21964	-1.44434	-0.487471	2.27435	2.72034	2.68206	-0.408164	1.19134	1.36265	-0.705926	0.581453	3.09269	-2.62031	2.84054	-0.737735	1.71639	-1.0566	-1.14339	1.96111	-1.55032	-0.242441	1.73867	-0.864154	-0.768432	1.8279	-1.42809
0.131	0.677952	1.56206	2.93484	2.82327	2.50595	2.27596	-1.4172	0.129666	-0.982438	-1.41253	-0.799893	1.64014	-2.45368	-0.382066	-0.415838	-0.460123	-0.579204	-1.53061	-1.81005	-2.69178	1.32257	-0.151547	-0.0698821	-2.90221	-0.515809	0.363685	-0.812927	-0.406593	-2.19854	-1.22473	-1.26068	2.72212	2.90785	-0.566647	-0.306904	3.08334	1.19452	2.89058	-0.387839	0.978112	-1.26488	-2.96328	0.550856	-2.73177	-2.70443	0.436352	-1.11731	-1.00056	2.31432	-1.1836	0.184327	1.98018	-1.55414	1.70295	2.18521	0.994279	-1.80731
0.134	-0.274829	-2.29118	1.10587	-2.96884	-1.33349	-1.24607	1.86043	0.312041	-0.958712	-0.517305	0.392036	-0.356269	-0.342637	2.34441	-0.233502	2.10382	-0.827651	2.35989	-2.27648	1.52433	1.58929	2.14771	1.89999	0.152291	2.69289	-0.587971	3.13198	0.452389	1.94196	-0.221561	1.1509	2.63706	-1.68864	-1.12816	1.85768	0.223238	1.18665	-1.40645	2.53715	1.26584	0.574389	-0.731477	3.01388	-2.71862	-1.91605	-2.18022	-0.8833	1.66656	0.543565	2.77338	-0.834809	0.386648	-0.235388	-2.50566	2.59725	1.11651	-0.578967
0.137	-2.21323	0.867702	-1.83459	-1.64057	-2.16914	-1.64082	0.678881	2.21824	-0.374926	2.59644	-2.78179	2.03719	-2.72772	-2.77426	-2.38643	-2.51821	-2.01007	-2.10696	1.80647	3.12761	1.63603	-3.06	-2.21723	-0.932248	-1.61845	2.64281	-1.59032	1.6616	0.070803	-0.607354	1.92382	-2.10874	-2.25814	-1.87957	1.92419	-0.428315	-2.11803	-2.16492	0.282283	2.72118	-2.11108	-0.7654	2.89566	1.03302	1.12392	2.38152	-2.11914	2.85716	0.709939	-1.73967	1.87889	-2.48133	-0.817935	0.66673	3.08225	-2.33051	2.57797
0.14	0.367088	2.46079	0.439119	2.47518	0.128392	-2.8358	2.44165	2.55255	-2.00097	2.75935	1.73034	-1.86854	1.74632	0.360945	0.776812	2.3264	0.976792	1.69318	2.10432	-0.582349	-1.26818	-0.118549	-0.920159	0.975496	1.62245	-2.53039	-0.582995	-1.2357	-1.88058	0.0507024	0.811716	-1.1449	-1.07694	-0.386931	-0.0853118	-1.4063	1.12425	-0.317916	0.4812	1.06607	-0.790322	0.392909	-0.960673	-1.93257	1.06047	1.29236	-2.18441	2.49204	2.3531	0.666938	-1.15976	0.548439	0.829005	1.23754	0.850008	-2.85796	1.8148
0.143	-3.00694	-2.95575	-0.97927	0.640768	2.53391	-0.112682	-2.92454	2.78617	-0.469204	1.06862	2.96916	2.90815	2.78201	-2.26173	0.721175	-0.436842	1.03659	-0.314176	-2.48995	2.87849	-0.73162	1.67342	-2.53021	1.81976	-0.422117	-1.48769	1.84102	1.37818	0.103025	-2.07206	1.07884	1.6189	-0.602331	1.60695	-0.276218	-0.876886	2.85792	-1.73572	-2.35467	-1.24571	1.69772	-0.391104	2.523	-3.13876	0.373806	1.69264	-2.24591	2.1179	-2.79036	2.70865	1.99676	-1.78158	1.42406	2.34945	-2.72191	-2.19867	0.815735
0.146	1.52843	-0.373128	-0.22246	2.45641	-0.686438	1.10943	-2.92347	1.94574	-1.54923	0.724879	-2.39044	1.03085	-0.843447	0.343055	0.54922	0.244449	2.00681	-0.230032	0.166107	1.74908	0.247663	0.787654	1.1923	-1.61689	0.563868	-2.86077	-0.759944	-0.559641	1.02601	1.4347	-2.96864	1.65875	1.5277	0.920484	2.47019	0.0681328	-0.0398139	-1.61753	3.06482	0.995021	2.31096	1.94618	-1.94719	-0.351554	-2.082	0.558154	-2.37458	-1.75776	-0.965692	2.65245	1.17658	0.129914	0.205261	1.3452	-0.469235	0.607055	1.78578
0.149	-0.285783	-3.07254	1.03358	-1.5919	2.15471	-1.52124	-0.956298	1.42634	-2.94054	0.282721	0.713704	1.4935	-0.315969	1.15911	0.617173	0.629356	2.9208	1.654	-1.03004	0.418323	-1.49486	1.91378	2.38634	-1.31944	1.20277	-2.6146	2.38017	-1.41516	1.19656	2.57876	-1.07728	-1.34194	-2.90919	-0.0517251	-0.554916	1.86942	-2.64494	-1.84533	1.14384	0.713526	2.68317	1.35658	-2.42978	1.29186	-0.492746	2.03735	0.425551	-1.77112	-1.41523	-0.324728	3.06661	-1.67266	2.59894	1.39111	1.40598	-2.7691	2.66541
