Reference Amplitude (V)	9000Hz	9050Hz	9100Hz	9150Hz	9200Hz	9250Hz	9300Hz	9350Hz	9400Hz	9450Hz	9500Hz	9550Hz	9600Hz	9650Hz	9700Hz	9750Hz	9800Hz	9850Hz	9900Hz	9950Hz	10000Hz	10050Hz	10100Hz	10150Hz	10200Hz	10250Hz	10300Hz	10350Hz	10400Hz	10450Hz	10500Hz
0.02	0.261816	0.314918	0.269997	0.229591	0.207708	0.113944	0.299901	0.221759	0.249679	0.214417	0.191805	0.203427	0.153452	0.146244	0.141933	0.180245	0.132462	0.172122	0.183763	0.118877	0.0621555	0.0759223	0.100829	0.182815	0.215252	0.224441	0.136145	0.0857338	0.0861411	0.177177	0.0889111
0.023	0.328389	0.386955	0.249247	0.347304	0.312989	0.117839	0.324335	0.294582	0.248888	0.284284	0.297445	0.263281	0.160985	0.182473	0.21099	0.178174	0.220107	0.247481	0.199906	0.177218	0.0885793	0.0796128	0.103921	0.229099	0.239757	0.205861	0.140738	0.0940255	0.0907572	0.136828	0.106676
0.026	0.404115	0.47306	0.394948	0.398767	0.328131	0.144649	0.467585	0.371482	0.325013	0.340898	0.339788	0.327127	0.241173	0.238927	0.212986	0.194219	0.256601	0.346207	0.22963	0.20993	0.104063	0.088133	0.135138	0.261853	0.315388	0.224438	0.144478	0.0748021	0.103441	0.199265	0.122549
0.029	0.53904	0.613229	0.475374	0.427648	0.391489	0.162782	0.611096	0.454992	0.445993	0.417222	0.394454	0.297015	0.219339	0.262996	0.239635	0.195697	0.234167	0.330562	0.333248	0.250086	0.12681	0.111878	0.129892	0.262756	0.412739	0.280257	0.166985	0.0851497	0.101705	0.236861	0.130046
0.032	0.557513	0.626549	0.532699	0.534677	0.462159	0.183341	0.830553	0.478844	0.507009	0.479788	0.485595	0.392672	0.335794	0.310032	0.325329	0.217851	0.28414	0.386207	0.361441	0.292717	0.124193	0.0996669	0.119388	0.357369	0.368314	0.38793	0.242883	0.103983	0.118398	0.300612	0.179128
0.035	0.663976	0.822369	0.713098	0.68024	0.510886	0.204052	0.807358	0.588929	0.518323	0.541043	0.626677	0.445158	0.269761	0.345879	0.367617	0.274008	0.308155	0.437686	0.346762	0.324728	0.179926	0.0970646	0.126215	0.398037	0.498288	0.423941	0.247054	0.112261	0.125926	0.328497	0.209799
0.038	0.819717	0.967237	0.768173	0.740541	0.639994	0.212441	0.872602	0.657618	0.517082	0.681207	0.738995	0.557345	0.443203	0.411013	0.397097	0.329748	0.414833	0.515293	0.511612	0.450986	0.161777	0.14061	0.16411	0.488865	0.533836	0.499596	0.296388	0.0912485	0.14045	0.383557	0.198311
0.041	0.885857	0.967046	0.958989	0.807328	0.736699	0.246198	1.03427	0.816478	0.723198	0.817149	0.791934	0.629244	0.410912	0.41725	0.391904	0.344264	0.427647	0.614695	0.459548	0.42171	0.185198	0.148982	0.176335	0.543361	0.641529	0.486661	0.301467	0.0977472	0.165288	0.492427	0.258112
0.044	0.903443	1.23962	0.974267	0.849408	0.736267	0.302774	1.08515	0.778297	0.712911	0.810637	0.823248	0.746186	0.479682	0.489075	0.484989	0.420905	0.427255	0.69012	0.547616	0.481554	0.264222	0.11182	0.176552	0.61297	0.692806	0.611682	0.274242	0.0923051	0.160945	0.533997	0.276629
0.047	1.1256	1.18912	1.06523	0.882678	0.850358	0.291141	1.24946	0.999003	0.978267	0.91139	0.964091	0.854068	0.544579	0.491215	0.562346	0.421746	0.4662	0.78273	0.633238	0.467301	0.213506	0.138731	0.212486	0.656473	0.753797	0.535145	0.338138	0.0976542	0.183186	0.612745	0.27903
0.05	1.19984	1.37631	1.19907	1.10156	0.966552	0.320383	1.26866	1.08724	0.917297	1.11392	1.10732	0.787756	0.577556	0.552055	0.540696	0.539719	0.552596	0.945761	0.650381	0.569347	0.223995	0.187223	0.201609	0.691612	0.865379	0.619963	0.431557	0.131892	0.230978	0.678801	0.310208
0.053	1.49158	1.42657	1.50635	1.23963	1.12779	0.393555	1.61724	1.24816	1.08128	1.06322	1.1533	0.947754	0.611155	0.606096	0.575278	0.466669	0.550466	0.934943	0.68078	0.588829	0.303049	0.157314	0.219119	0.736589	1.03344	0.689039	0.408769	0.125086	0.265575	0.730249	0.313835
0.056	1.27126	1.67897	1.48197	1.23855	1.04303	0.405079	1.71362	1.32833	1.11642	1.22476	1.25325	1.01422	0.588045	0.65417	0.637418	0.587483	0.64508	0.99242	0.692564	0.682053	0.234297	0.151523	0.223919	0.872553	1.02283	0.874846	0.408081	0.145139	0.282866	0.805456	0.354931
0.059	1.66875	1.85834	1.79213	1.44084	1.11984	0.406967	1.89212	1.32057	1.17629	1.42053	1.39826	1.12808	0.717433	0.624755	0.708783	0.559402	0.650834	1.04076	0.754635	0.712712	0.333385	0.160122	0.213978	1.02946	1.13498	0.973167	0.469494	0.154206	0.237852	0.942357	0.383296
0.062	1.57539	1.9764	1.62173	1.41731	1.2475	0.471048	2.02416	1.44359	1.36298	1.48386	1.49649	1.23305	0.672625	0.791582	0.856176	0.621822	0.720088	1.18762	0.940066	0.747839	0.380101	0.187242	0.216312	1.07301	1.22274	0.964559	0.572122	0.149706	0.424302	1.12186	0.356457
0.065	1.78234	2.20452	1.77785	1.68723	1.44091	0.48366	2.14038	1.71848	1.46571	1.65387	1.50946	1.22192	0.734596	0.794048	0.947616	0.735205	0.880168	1.25688	1.03845	0.837572	0.356864	0.181828	0.237292	1.04784	1.34206	1.09464	0.557375	0.15705	0.459276	1.19102	0.417146
0.068	2.01685	2.3077	2.07982	1.84978	1.49736	0.560457	2.3141	1.90864	1.63378	1.58681	1.84356	1.42263	0.762845	0.89206	0.873737	0.729493	0.766472	1.48786	1.03303	0.934842	0.339029	0.24079	0.263249	1.19812	1.38615	1.15177	0.578973	0.224703	0.409196	1.2975	0.519909
0.071	2.00421	2.49591	2.23061	2.06564	1.55151	0.538893	2.46864	1.98733	1.77698	1.75474	1.86635	1.45142	0.943181	0.872465	1.01296	0.852443	0.983571	1.47156	1.16268	0.994895	0.404019	0.236649	0.295831	1.34931	1.41108	1.20269	0.696647	0.197055	0.52185	1.37323	0.600032
0.074	2.15586	2.74037	2.23759	2.13728	1.84584	0.578653	2.81652	1.92165	1.71598	1.93651	1.90593	1.60936	0.805597	0.969542	0.953741	0.888471	0.928801	1.50138	1.144	0.938367	0.452116	0.205665	0.352952	1.41525	1.71095	1.33341	0.761938	0.232012	0.520906	1.44729	0.55327
0.077	2.27938	2.88024	2.4416	2.19398	1.7924	0.599413	2.91015	2.2352	2.01773	2.07567	2.11509	1.707	0.996824	0.988998	1.12012	0.876943	0.974985	1.64712	1.35569	1.09867	0.500975	0.253648	0.360996	1.41085	1.84574	1.53815	0.750237	0.203659	0.537004	1.62205	0.618669
0.08	2.41475	3.11996	2.52718	2.39824	1.94409	0.663204	3.08475	2.4174	2.11091	2.31346	2.30361	1.80583	0.99899	1.15189	1.18446	0.918709	1.14476	1.93682	1.53714	1.10245	0.483123	0.196083	0.355573	1.5988	2.07085	1.62517	0.776381	0.237548	0.643888	1.91791	0.659683
0.083	2.60127	3.3233	2.8697	2.30461	2.09201	0.77944	3.22509	2.56797	2.15997	2.34169	2.27707	1.87817	1.12268	1.17132	1.34809	1.00581	1.19785	1.88846	1.59752	1.1501	0.575712	0.251076	0.409649	1.80042	2.07562	1.51782	0.83192	0.26853	0.75368	2.09529	0.70949
0.086	2.83387	3.35751	3.1457	2.6212	2.24773	0.72069	3.47777	2.52606	2.29912	2.48622	2.7163	2.02898	1.18313	1.19806	1.36789	1.07196	1.11356	1.92506	1.5695	1.16331	0.514845	0.296394	0.390852	1.84403	2.18512	1.66291	0.888843	0.280209	0.833628	2.20776	0.855657
0.089	2.99326	3.53247	2.97564	2.76916	2.43491	0.776467	3.69617	2.80086	2.62088	2.7436	2.68581	2.25776	1.36152	1.40331	1.3817	1.09858	1.26508	2.10821	1.45135	1.30603	0.640439	0.235681	0.39382	1.99495	2.28604	1.92832	0.968112	0.36331	0.875842	2.43631	0.955367
0.092	3.20446	3.81658	3.25088	2.92222	2.55385	0.925665	3.87659	3.06054	2.59694	2.77365	2.82245	2.3397	1.29862	1.40155	1.54457	1.20056	1.45008	2.40915	1.32444	1.32406	0.621568	0.294465	0.452852	2.13511	2.40351	1.9708	0.950624	0.372468	0.936154	2.60613	1.04109
0.095	3.17892	4.16162	3.44869	3.3802	2.86462	0.90331	4.03644	3.30989	2.86056	3.0457	3.05334	2.45829	1.41129	1.46078	1.64199	1.30658	1.48074	2.3662	1.67492	1.4516	0.583601	0.271323	0.481117	2.29283	2.70116	2.2143	1.0888	0.472983	1.08976	3.04826	1.1102
0.098	3.50576	4.32899	3.83733	3.47213	2.7321	0.93495	4.4823	3.19535	2.93307	3.01774	3.09207	2.68273	1.59729	1.44969	1.70623	1.32226	1.5038	2.65597	1.56778	1.44257	0.60268	0.319986	0.429813	2.46958	2.90679	2.1258	1.0522	0.466506	1.08886	2.94838	1.33951
0.101	3.72457	4.51573	3.81684	3.26427	2.97286	1.03283	4.43155	3.63568	3.20864	3.1859	3.28578	2.76069	1.51797	1.57719	1.7548	1.41386	1.65499	2.7347	1.72318	1.67835	0.769864	0.285256	0.522765	2.54272	3.07887	2.41642	1.25501	0.559202	1.22789	3.35633	1.49696
0.104	3.92989	4.694	4.31614	3.7095	3.14779	1.08331	4.84742	3.61043	3.29987	3.37976	3.68078	2.81525	1.72599	1.60793	1.81515	1.43275	1.78656	2.74655	1.70261	1.65005	0.761958	0.307246	0.522392	2.70317	3.11465	2.33258	1.26217	0.555725	1.43557	3.67946	1.62004
0.107	4.12384	5.0925	4.22354	3.69645	3.15079	1.31206	5.10444	4.02531	3.3301	3.87539	3.8907	2.87329	1.60834	1.80388	2.15193	1.35988	1.75671	2.99677	1.73703	1.47009	0.807068	0.285484	0.526596	2.90654	3.52908	2.5185	1.20642	0.599543	1.56357	4.11668	1.8715
0.11	4.25697	5.35429	4.51111	3.8675	3.31994	1.26268	5.31622	4.08106	3.46574	3.82502	3.65574	3.10539	1.89101	2.00113	1.96331	1.41809	1.93083	3.22085	1.79603	1.7093	0.865075	0.318623	0.600588	2.85246	3.63263	2.84636	1.24324	0.635769	1.70467	4.22483	2.05613
0.113	4.63191	5.49029	5.15713	4.28773	3.53012	1.30262	5.6632	4.33224	3.96316	4.11392	4.09753	3.37831	1.84228	1.91368	2.01153	1.61814	1.88006	3.36078	1.83725	1.7297	0.953464	0.354652	0.70001	3.12659	3.94097	3.04849	1.42931	0.713405	1.8549	4.97566	2.3415
0.116	4.64057	5.65385	5.45378	4.41773	3.7174	1.36779	5.82385	4.49491	4.08131	4.16545	4.24032	3.34438	1.82361	1.9908	2.26534	1.81327	1.99813	3.41025	2.00717	1.86658	0.934264	0.427344	0.632288	3.3294	3.83849	3.15195	1.54731	0.831198	1.92425	5.6014	2.74225
0.119	4.9524	5.78595	5.29591	4.5555	3.89499	1.58719	5.74812	4.61854	4.26263	4.38386	4.54545	3.77128	1.98689	2.00055	2.28286	1.81985	2.03915	3.75047	2.19802	1.94413	1.00568	0.418845	0.636325	3.31905	4.07818	3.11575	1.60857	0.86332	2.25093	6.12571	3.34589
0.122	5.30962	6.25168	5.27946	4.83508	4.35385	1.50436	6.47037	4.88685	4.25091	4.54349	4.90389	3.67526	2.04731	1.9491	2.24183	1.92623	2.2419	3.87279	2.23301	1.83114	1.0526	0.406714	0.705217	3.70439	4.52806	3.02466	1.69795	0.850894	2.45897	6.80337	3.82883
0.125	4.96811	6.56467	5.66484	5.2722	4.2335	1.66247	6.4423	4.93819	4.48374	4.6617	5.25672	4.10011	2.29149	2.1108	2.49574	1.98592	2.09899	3.9424	2.14209	2.20933	1.18626	0.389238	0.75269	3.88485	4.50659	3.42173	1.6297	0.950891	2.76742	7.28115	4.90065
0.128	5.95906	6.80551	5.90487	5.30161	4.40148	1.76084	6.82299	5.22846	4.80726	4.99495	5.16523	4.21857	2.35246	2.17602	2.56692	2.13481	2.5596	4.21589	2.31687	2.12924	1.04405	0.420386	0.659775	4.15348	4.72299	3.65055	1.7946	1.01596	3.00093	8.52471	5.33931
0.131	5.9687	6.99739	6.49222	5.40571	4.68917	1.66948	7.02763	5.83359	4.95492	5.30651	5.34991	4.24768	2.26056	2.44002	2.63331	2.06956	2.48954	4.41071	2.50284	2.18055	1.20805	0.42893	0.767066	4.11244	4.86175	3.7749	1.92418	1.14241	3.27846	9.21666	5.96965
0.134	5.65913	7.52893	6.79281	5.73641	4.77672	1.9538	7.18962	5.78062	5.21723	5.2968	5.43235	4.47926	2.49674	2.56339	2.78164	2.17199	2.47641	4.42492	2.42972	2.35694	1.22589	0.449711	0.73892	4.29252	5.24424	4.14338	2.14028	1.32138	3.33003	10.4407	6.90057
0.137	6.48529	7.97069	6.71372	5.91857	5.24879	1.98583	7.92822	5.98105	5.18293	5.78579	5.87363	4.72627	2.54786	2.68579	2.83427	2.22161	2.65831	4.89007	2.79996	2.47976	1.28643	0.519775	0.850432	4.57933	5.3773	4.10643	2.1058	1.28774	3.82611	11.683	7.41494
0.14	6.82545	8.36697	6.99704	5.9963	5.33223	2.07699	8.23645	6.32921	5.64943	5.92349	6.07057	4.88721	2.64209	2.53171	2.86873	2.37257	2.84299	5.00526	2.62263	2.75212	1.30054	0.653959	0.855362	4.74795	5.62927	4.07423	2.15391	1.49406	4.43766	13.752	8.07146
0.143	7.19857	8.11003	7.12625	6.33343	5.30573	2.22227	8.35982	6.53594	5.77226	6.13398	6.15681	4.90987	2.86563	2.82991	2.98927	2.55958	3.1841	2.37031	2.67361	2.47063	1.40556	0.476045	0.93021	5.29191	5.90577	4.78943	2.30387	1.66896	4.63381	16.4056	8.74439
0.146	7.25496	8.94357	7.67651	6.72387	5.41694	2.22055	8.70591	6.68694	5.74762	6.53405	6.7458	5.25299	2.87461	2.96841	3.31432	2.31637	3.14604	2.67945	2.7242	2.89466	1.54935	0.536958	0.88182	5.6287	6.33938	4.85406	2.34964	1.92252	5.52783	19.6088	8.58773
0.149	7.69227	8.82423	7.57343	6.98257	5.76494	2.43139	8.96733	6.96142	6.24387	6.61446	6.92668	5.35713	2.82851	2.86126	3.07569	2.41079	3.20889	2.54658	3.067	2.75306	1.61506	0.561161	1.0139	5.56503	6.51772	4.64966	2.25343	2.0153	6.20195	23.015	9.74789
