Reference Amplitude (V)	9000Hz	9050Hz	9100Hz	9150Hz	9200Hz	9250Hz	9300Hz	9350Hz	9400Hz	9450Hz	9500Hz	9550Hz	9600Hz	9650Hz	9700Hz	9750Hz	9800Hz	9850Hz	9900Hz	9950Hz	10000Hz	10050Hz	10100Hz	10150Hz	10200Hz	10250Hz	10300Hz	10350Hz	10400Hz	10450Hz	10500Hz
0.02	-2.50168	-2.57118	-2.55442	-2.49821	-2.54016	-2.04512	-2.6229	-2.59735	-2.51212	-2.5495	-2.56963	-2.78417	-2.63299	-2.41771	-2.58753	-2.64772	-2.38969	-2.55023	-2.81371	-2.88128	2.61373	-1.90451	-2.0221	-1.92456	-2.46602	-2.84617	2.67738	1.37618	-0.235397	-1.40167	-1.9368
0.023	-2.50268	-2.53944	-2.57735	-2.5484	-2.54356	-2.07902	-2.60335	-2.64246	-2.48946	-2.57306	-2.62658	-2.76865	-2.72205	-2.5191	-2.64365	-2.49455	-2.22455	-2.48686	-2.77081	-2.74419	2.83552	-2.18493	-2.08477	-1.99047	-2.4642	-2.92835	2.71747	1.65552	-0.0616206	-1.35493	-2.26251
0.026	-2.46697	-2.56626	-2.5628	-2.59739	-2.56617	-2.01214	-2.57886	-2.64124	-2.48006	-2.58798	-2.52529	-2.7963	-2.80049	-2.58114	-2.51984	-2.57976	-2.4226	-2.4623	-2.81665	-2.8735	2.70784	-1.81388	-2.07508	-1.922	-2.38556	-2.9517	2.80585	1.45544	-0.389873	-1.45859	-2.10593
0.029	-2.46418	-2.59055	-2.62557	-2.57751	-2.67952	-1.95167	-2.61659	-2.60092	-2.59273	-2.56822	-2.58861	-2.77167	-2.71611	-2.59438	-2.55172	-2.50678	-2.4239	-2.46399	-2.82993	-2.83344	2.8309	-1.90659	-2.02768	-1.96387	-2.43705	-2.84378	2.71323	1.43137	-0.303454	-1.344	-2.00244
0.032	-2.53973	-2.58866	-2.59377	-2.5648	-2.58658	-2.02939	-2.5998	-2.60652	-2.57517	-2.53038	-2.68327	-2.77803	-2.72962	-2.52573	-2.63897	-2.57964	-2.32195	-2.4571	-2.78496	-2.87301	2.70946	-1.91279	-1.94106	-1.95739	-2.47734	-2.83692	2.74371	1.37769	-0.28686	-1.35745	-1.96269
0.035	-2.49709	-2.59337	-2.59696	-2.56879	-2.60157	-1.96361	-2.60505	-2.54201	-2.57595	-2.56928	-2.5955	-2.75362	-2.73468	-2.56312	-2.57346	-2.48658	-2.36949	-2.50738	-2.85912	-2.83672	2.61517	-1.81869	-1.91284	-1.92416	-2.40765	-2.86291	2.76219	1.22221	-0.225772	-1.33833	-2.08776
0.038	-2.46576	-2.58314	-2.6259	-2.57427	-2.54633	-2.03516	-2.60846	-2.61669	-2.57245	-2.55907	-2.64192	-2.75792	-2.70082	-2.51189	-2.58475	-2.4803	-2.30402	-2.53882	-2.79276	-2.82882	2.66355	-1.73404	-1.96418	-1.94617	-2.41886	-2.89532	2.71465	1.30625	-0.354244	-1.37005	-1.98407
0.041	-2.47499	-2.57137	-2.58566	-2.56338	-2.58034	-1.97581	-2.57313	-2.6032	-2.58672	-2.55458	-2.6617	-2.77227	-2.76294	-2.56725	-2.59852	-2.53531	-2.34076	-2.49377	-2.76946	-2.8513	2.75306	-1.76301	-1.90976	-1.91856	-2.46776	-2.86807	2.69174	1.37245	-0.385908	-1.2939	-1.94447
0.044	-2.46926	-2.60194	-2.59872	-2.58784	-2.55904	-1.94836	-2.60224	-2.59773	-2.56023	-2.59621	-2.59919	-2.8098	-2.69736	-2.55241	-2.59512	-2.52734	-2.34093	-2.48415	-2.79835	-2.85216	2.6228	-1.73509	-1.88262	-1.91416	-2.42857	-2.90597	2.64641	1.34231	-0.199269	-1.34806	-2.01401
0.047	-2.45134	-2.57462	-2.58723	-2.58379	-2.60126	-1.9864	-2.5637	-2.62833	-2.55949	-2.55934	-2.62975	-2.77458	-2.72322	-2.57402	-2.56723	-2.52077	-2.30475	-2.46656	-2.8182	-2.88217	2.61334	-1.75563	-1.8643	-1.90333	-2.4233	-2.89997	2.5993	1.3029	-0.28481	-1.32955	-1.92362
0.05	-2.468	-2.58413	-2.60244	-2.55824	-2.57585	-1.95796	-2.56567	-2.58575	-2.54745	-2.56477	-2.61735	-2.77697	-2.72731	-2.56984	-2.57124	-2.55333	-2.34431	-2.47549	-2.82653	-2.83956	2.58842	-1.70951	-1.83674	-1.94703	-2.44229	-2.89762	2.68739	1.13238	-0.218599	-1.29703	-1.97711
0.053	-2.48573	-2.58789	-2.61789	-2.59701	-2.58191	-1.92684	-2.57105	-2.58879	-2.58044	-2.54012	-2.61514	-2.78807	-2.71506	-2.54544	-2.57488	-2.53813	-2.30652	-2.51327	-2.77914	-2.83625	2.58309	-1.55334	-1.81517	-1.90204	-2.42443	-2.92374	2.65413	1.25642	-0.18639	-1.28507	-1.96004
0.056	-2.46754	-2.59058	-2.59641	-2.6147	-2.60135	-1.93641	-2.57457	-2.60142	-2.56673	-2.59512	-2.63871	-2.78551	-2.766	-2.53185	-2.58764	-2.54055	-2.32499	-2.51928	-2.83153	-2.81373	2.56627	-1.62526	-1.84172	-1.9166	-2.42567	-2.89359	2.66761	1.23363	-0.187863	-1.27341	-1.85128
0.059	-2.46331	-2.57869	-2.59448	-2.57015	-2.59067	-1.94072	-2.60552	-2.60117	-2.58664	-2.55414	-2.63664	-2.80904	-2.70801	-2.59219	-2.58521	-2.55734	-2.31321	-2.48045	-2.79934	-2.85397	2.52783	-1.69974	-1.81195	-1.91597	-2.44158	-2.90163	2.67227	1.1568	-0.181027	-1.24497	-1.94449
0.062	-2.49103	-2.5849	-2.61324	-2.58328	-2.61864	-1.90184	-2.56995	-2.61852	-2.56021	-2.55594	-2.62909	-2.82811	-2.70624	-2.55144	-2.59346	-2.55784	-2.29828	-2.5139	-2.83334	-2.86406	2.64434	-1.58969	-1.85526	-1.89968	-2.43017	-2.95394	2.62187	1.10613	-0.144396	-1.22616	-1.89035
0.065	-2.49406	-2.59079	-2.61546	-2.62766	-2.56457	-1.89192	-2.59216	-2.61199	-2.55956	-2.55773	-2.63553	-2.79955	-2.75479	-2.58327	-2.59581	-2.55851	-2.30594	-2.48265	-2.80766	-2.86836	2.60203	-1.71061	-1.79012	-1.88208	-2.44825	-2.94535	2.63583	1.07562	-0.169777	-1.26664	-1.85481
0.068	-2.46914	-2.60417	-2.60306	-2.60153	-2.57916	-1.88226	-2.60023	-2.60521	-2.5582	-2.55112	-2.65219	-2.80638	-2.73951	-2.54932	-2.5921	-2.54135	-2.34789	-2.46629	-2.7908	-2.8809	2.55339	-1.57507	-1.69382	-1.8676	-2.41832	-2.91434	2.6354	1.07118	-0.187763	-1.1839	-1.82049
0.071	-2.46784	-2.59483	-2.61942	-2.59322	-2.5903	-1.90257	-2.58768	-2.6	-2.56335	-2.56654	-2.66976	-2.81829	-2.73109	-2.53726	-2.57639	-2.52533	-2.30486	-2.46255	-2.85568	-2.85663	2.55475	-1.58582	-1.70959	-1.8854	-2.41852	-2.91229	2.62794	1.03455	-0.18347	-1.21451	-1.79077
0.074	-2.4785	-2.59515	-2.5912	-2.60971	-2.5748	-1.92038	-2.59434	-2.62848	-2.58495	-2.58589	-2.64567	-2.79079	-2.72293	-2.52891	-2.59876	-2.56252	-2.33608	-2.47154	-2.80885	-2.92724	2.56233	-1.50571	-1.70285	-1.84415	-2.39201	-2.93705	2.60163	0.990648	-0.175651	-1.19338	-1.83581
0.077	-2.47791	-2.59868	-2.60975	-2.58896	-2.58399	-1.89501	-2.60673	-2.6368	-2.58327	-2.56247	-2.64483	-2.81124	-2.75193	-2.55824	-2.5719	-2.55384	-2.33987	-2.47551	-2.85253	-2.95658	2.47481	-1.578	-1.71666	-1.86749	-2.42708	-2.93387	2.58036	1.00953	-0.147578	-1.17835	-1.80606
0.08	-2.48128	-2.6013	-2.60974	-2.57952	-2.59088	-1.88223	-2.59563	-2.6339	-2.56582	-2.57558	-2.65332	-2.83325	-2.75529	-2.5308	-2.59273	-2.55385	-2.31426	-2.50407	-2.82404	-2.94707	2.46033	-1.43067	-1.74959	-1.86834	-2.39821	-2.95787	2.55625	1.02812	-0.206507	-1.15411	-1.79278
0.083	-2.46506	-2.60085	-2.61979	-2.6041	-2.58781	-1.86565	-2.58616	-2.62501	-2.57241	-2.58021	-2.66489	-2.82537	-2.75256	-2.53277	-2.58141	-2.51671	-2.33858	-2.49633	-2.82997	-2.94954	2.47264	-1.46246	-1.67202	-1.85731	-2.41612	-2.92134	2.59705	0.964322	-0.150727	-1.17393	-1.75865
0.086	-2.44922	-2.59929	-2.62654	-2.60596	-2.60632	-1.87425	-2.59399	-2.62179	-2.58569	-2.57701	-2.68179	-2.83151	-2.74181	-2.54917	-2.60529	-2.53884	-2.32283	-2.48513	-2.83406	-2.96105	2.43176	-1.47831	-1.64707	-1.8594	-2.41288	-2.92708	2.55857	0.935548	-0.162208	-1.13842	-1.72316
0.089	-2.46552	-2.59588	-2.6068	-2.59502	-2.59766	-1.90402	-2.59666	-2.62387	-2.56603	-2.57703	-2.66177	-2.82888	-2.7529	-2.53418	-2.59478	-2.5167	-2.32962	-2.48345	-3.08293	-2.98749	2.41268	-1.51544	-1.70056	-1.8693	-2.41821	-2.95012	2.55199	0.963472	-0.148606	-1.14196	-1.69128
0.092	-2.46601	-2.61144	-2.62542	-2.60511	-2.59653	-1.88074	-2.59704	-2.61409	-2.56419	-2.56355	-2.6557	-2.82621	-2.77238	-2.5416	-2.61383	-2.52702	-2.31561	-2.49636	-3.02153	-2.96524	2.39978	-1.43472	-1.64395	-1.85772	-2.4021	-2.93915	2.54274	0.855248	-0.146215	-1.14088	-1.69843
0.095	-2.4655	-2.61192	-2.63677	-2.59461	-2.59497	-1.83422	-2.61808	-2.6391	-2.55486	-2.56245	-2.66545	-2.82847	-2.77018	-2.55577	-2.5913	-2.56097	-2.3139	-2.49907	-3.00654	-2.94939	2.42203	-1.3696	-1.63495	-1.82407	-2.42001	-2.93496	2.51844	0.939763	-0.179429	-1.12595	-1.64709
0.098	-2.48378	-2.61121	-2.60137	-2.62016	-2.58946	-1.83719	-2.61436	-2.62409	-2.56269	-2.57585	-2.65598	-2.84395	-2.73163	-2.53028	-2.61076	-2.5743	-2.33609	-2.4959	-3.00445	-2.97135	2.39482	-1.37419	-1.6056	-1.8326	-2.38911	-2.94922	2.51757	0.942119	-0.172472	-1.12006	-1.64854
0.101	-2.46093	-2.59834	-2.62414	-2.60465	-2.59686	-1.83805	-2.60446	-2.6276	-2.58608	-2.58137	-2.65672	-2.83977	-2.76942	-2.52759	-2.58138	-2.54367	-2.32615	-2.48932	-3.00014	-2.9925	2.37821	-1.36041	-1.63395	-1.83112	-2.40685	-2.95713	2.50579	0.925387	-0.166508	-1.10573	-1.62033
0.104	-2.45634	-2.6155	-2.63569	-2.58568	-2.6045	-1.8541	-2.60112	-2.62703	-2.5902	-2.60158	-2.65823	-2.83187	-2.76471	-2.52121	-2.58115	-2.55494	-2.33973	-2.49655	-3.00589	-2.97664	2.36356	-1.36476	-1.58308	-1.83524	-2.40464	-2.93889	2.48597	0.883367	-0.173264	-1.09811	-1.61354
0.107	-2.45046	-2.61019	-2.62701	-2.60536	-2.59538	-1.82081	-2.61172	-2.62721	-2.58646	-2.58456	-2.66981	-2.82962	-2.78473	-2.55872	-2.59866	-2.54854	-2.30264	-2.49268	-3.00528	-2.97264	2.33093	-1.33599	-1.56787	-1.83156	-2.4152	-2.94941	2.48261	0.902469	-0.173721	-1.11122	-1.61085
0.11	-2.46321	-2.60887	-2.61648	-2.61882	-2.59813	-1.85257	-2.62322	-2.62802	-2.58023	-2.58359	-2.66569	-2.83236	-2.77366	-2.5303	-2.59955	-2.54409	-2.33259	-2.49391	-3.02355	-2.99008	2.33743	-1.31993	-1.58919	-1.80522	-2.41415	-2.95176	2.47487	0.858243	-0.167619	-1.10211	-1.56713
0.113	-2.47742	-2.60389	-2.62456	-2.6087	-2.61167	-1.8237	-2.60894	-2.63432	-2.57097	-2.56797	-2.66797	-2.83558	-2.79005	-2.52774	-2.57939	-2.54078	-2.32567	-2.49982	-3.0117	-2.99051	2.37539	-1.31848	-1.54603	-1.83437	-2.40805	-2.93977	2.44408	0.827515	-0.1856	-1.09176	-1.57311
0.116	-2.46404	-2.61818	-2.61559	-2.6148	-2.60586	-1.84249	-2.62284	-2.62371	-2.58326	-2.57883	-2.66869	-2.83777	-2.77238	-2.55333	-2.60337	-2.53416	-2.31844	-2.50927	-3.01377	-2.97548	2.34784	-1.32138	-1.51123	-1.80783	-2.39971	-2.98154	2.48984	0.82901	-0.178559	-1.07428	-1.57209
0.119	-2.46529	-2.62578	-2.61465	-2.61727	-2.60804	-1.78086	-2.61841	-2.62657	-2.57736	-2.57263	-2.67302	-2.84247	-2.76793	-2.51952	-2.6039	-2.5289	-2.3097	-2.50744	-3.01975	-2.97664	2.33732	-1.36788	-1.46217	-1.80377	-2.40425	-2.97607	2.44796	0.81346	-0.177995	-1.07592	-1.55049
0.122	-2.45266	-2.61015	-2.62693	-2.61463	-2.59675	-1.79733	-2.62369	-2.64838	-2.58727	-2.59327	-2.65829	-2.8451	-2.76225	-2.54385	-2.58944	-2.52845	-2.31465	-2.51166	-3.0298	-2.98303	2.35018	-1.23091	-1.51609	-1.82314	-2.41283	-2.96777	2.42552	0.783679	-0.201422	-1.07368	-1.57416
0.125	-2.46759	-2.617	-2.63395	-2.61143	-2.601	-1.81798	-2.60728	-2.63865	-2.5824	-2.58148	-2.68109	-2.84746	-2.79368	-2.54171	-2.59102	-2.54757	-2.31353	-2.49771	-3.03554	-3.00807	2.30303	-1.25925	-1.48243	-1.7894	-2.40832	-2.96678	2.42778	0.788274	-0.194421	-1.0497	-1.59114
0.128	-2.44184	-2.60724	-2.62242	-2.61593	-2.60952	-1.79966	-2.61453	-2.64202	-2.5938	-2.60649	-2.6794	-2.84591	-2.78572	-2.53903	-2.58674	-2.54556	-2.32588	-2.49324	-3.04191	-2.97512	2.31296	-1.25507	-1.43765	-1.80008	-2.40886	-2.9623	2.42259	0.779328	-0.198074	-1.06042	-1.6137
0.131	-2.45184	-2.62263	-2.63603	-2.6227	-2.61563	-1.79274	-2.6127	-2.64453	-2.58734	-2.57727	-2.67602	-2.84835	-2.77926	-2.53479	-2.59149	-2.53187	-2.31508	-2.50032	-3.03222	-2.9957	2.28325	-1.22464	-1.49912	-1.78666	-2.39394	-2.9856	2.40691	0.729479	-0.192303	-1.05518	-1.61367
0.134	-2.4468	-2.61637	-2.62249	-2.62242	-2.60729	-1.75645	-2.61659	-2.63187	-2.56764	-2.58223	-2.68473	-2.8409	-2.79016	-2.53924	-2.60486	-2.52258	-2.28294	-2.48808	-3.02385	-2.99977	2.28481	-1.17915	-1.41082	-1.78678	-2.38912	-2.9647	2.40433	0.753065	-0.216106	-1.07112	-1.66973
0.137	-2.44278	-2.62292	-2.64036	-2.61487	-2.61162	-1.77935	-2.61083	-2.63884	-2.57548	-2.58633	-2.66907	-2.85064	-2.77188	-2.5469	-2.57862	-2.54086	-2.31622	-2.4907	-3.00637	-3.00482	2.25564	-1.23017	-1.39295	-1.78354	-2.39182	-2.97472	2.37963	0.708433	-0.212805	-1.06465	-1.69641
0.14	-2.46513	-2.61529	-2.6432	-2.61752	-2.61172	-1.7824	-2.6299	-2.63236	-2.58928	-2.59762	-2.67893	-2.8575	-2.79676	-2.53931	-2.59658	-2.54044	-2.28504	-2.49113	-3.01018	-2.99186	2.25185	-1.15897	-1.43008	-1.76139	-2.38969	-2.96871	2.37778	0.693375	-0.215945	-1.08239	-1.71445
0.143	-2.44511	-2.61474	-2.62812	-2.6222	-2.61531	-1.77013	-2.6262	-2.63483	-2.58056	-2.58609	-2.66317	-2.84383	-2.79717	-2.51969	-2.58304	-2.54694	-2.30002	-2.63025	-3.00115	-3.01554	2.25877	-1.16973	-1.41781	-1.75028	-2.39046	-2.97913	2.34062	0.656665	-0.245848	-1.11949	-1.71649
0.146	-2.45718	-2.62872	-2.63771	-2.60998	-2.62638	-1.76816	-2.6288	-2.6441	-2.59139	-2.57994	-2.66634	-2.85351	-2.81041	-2.55006	-2.582	-2.54475	-2.29992	-2.62618	-3.0429	-2.98268	2.26067	-1.15112	-1.40238	-1.75255	-2.3816	-2.98289	2.34034	0.639971	-0.239324	-1.16851	-1.75168
0.149	-2.44784	-2.62071	-2.6341	-2.62211	-2.61122	-1.76272	-2.62391	-2.64262	-2.58894	-2.58842	-2.67595	-2.86377	-2.79277	-2.54163	-2.60712	-2.53681	-2.3081	-2.61922	-3.01196	-3.01579	2.25642	-1.1455	-1.39002	-1.75384	-2.38831	-2.97088	2.31839	0.617981	-0.262591	-1.22287	-1.7677
