Reference Amplitude (V)	9000Hz	9050Hz	9100Hz	9150Hz	9200Hz	9250Hz	9300Hz	9350Hz	9400Hz	9450Hz	9500Hz	9550Hz	9600Hz	9650Hz	9700Hz	9750Hz	9800Hz	9850Hz	9900Hz	9950Hz	10000Hz	10050Hz	10100Hz	10150Hz	10200Hz	10250Hz	10300Hz	10350Hz	10400Hz	10450Hz	10500Hz
0.02	0.000309356	0.000328084	0.000309859	0.000312171	0.000260475	0.000137545	0.000359562	0.000291162	0.000288974	0.000282422	0.00028853	0.000261805	0.000202991	0.000199356	0.000206295	0.000187524	0.000220502	0.000246316	0.00024371	0.000187716	0.000141754	8.39294e-005	8.16995e-005	0.000219085	0.000267883	0.000245408	0.000158578	6.00517e-005	8.25828e-005	0.000193641	0.000128315
0.023	0.000356152	0.000416533	0.000344178	0.000330933	0.000320396	0.000187774	0.000410054	0.000342526	0.000334587	0.000349704	0.000341754	0.000304664	0.000243578	0.000244759	0.000231491	0.000218335	0.000240942	0.000297192	0.000248463	0.00025066	0.000139071	8.0132e-005	0.000101984	0.000262935	0.00030367	0.000271427	0.000189194	6.39279e-005	8.92947e-005	0.000237658	0.000153319
0.026	0.000431342	0.000431011	0.000399012	0.000397624	0.00035553	0.000199525	0.00045041	0.000384334	0.000370526	0.000376242	0.000386373	0.00034314	0.000292679	0.000274236	0.000278207	0.000279098	0.000268905	0.000343736	0.000298161	0.000271409	0.000154956	0.000121723	0.000129393	0.000288696	0.000330202	0.000304166	0.000214719	8.99533e-005	9.71611e-005	0.000287078	0.000169114
0.029	0.000445696	0.000509279	0.000456962	0.000440364	0.000403801	0.000204846	0.000486989	0.000431819	0.000397399	0.000412906	0.000411487	0.000387281	0.000276264	0.000315386	0.000287366	0.000281328	0.000297098	0.000372928	0.000350269	0.000306627	0.00020253	0.000139995	0.000150643	0.000323501	0.000358064	0.000338551	0.000256481	8.0951e-005	0.000114676	0.000287182	0.000177419
0.032	0.000510684	0.000539751	0.000495822	0.000478975	0.000445822	0.000244571	0.000543272	0.00045866	0.000465347	0.000465735	0.000479398	0.000421069	0.000318818	0.000319039	0.000345445	0.00031903	0.000307282	0.000413008	0.000375503	0.000321985	0.000172723	0.000154369	0.000147629	0.000373136	0.000397758	0.000391316	0.000263052	0.000101241	0.0001445	0.000317061	0.000215674
0.035	0.000544779	0.000573781	0.000530585	0.000531042	0.000488269	0.000251832	0.000573534	0.000526561	0.00048969	0.000494709	0.000513499	0.000460094	0.000342648	0.000358123	0.000374775	0.000310748	0.000349293	0.000436399	0.000384664	0.000350377	0.000203349	0.000146692	0.000190017	0.000373435	0.000463789	0.00039501	0.000263464	9.44835e-005	0.000171177	0.000342284	0.00024732
0.038	0.000589089	0.000633063	0.000575699	0.000567957	0.000518227	0.00027473	0.000632947	0.00053945	0.000536353	0.000542851	0.000538105	0.000478872	0.000376036	0.000369293	0.000394826	0.000366031	0.000351156	0.000480658	0.000408315	0.000371948	0.000236453	0.000186738	0.000188944	0.000407163	0.000486197	0.000437757	0.000308812	0.000140042	0.000191098	0.000392427	0.000254267
0.041	0.000646807	0.000668902	0.000631973	0.000590271	0.000537965	0.000313719	0.000678931	0.000621897	0.000562167	0.000587554	0.000580751	0.000499701	0.000395043	0.000401456	0.00041287	0.000354343	0.000386551	0.000519388	0.000449732	0.000422417	0.000258228	0.00017813	0.000192907	0.000453458	0.000509342	0.000477217	0.000322675	0.000105269	0.000194737	0.000427632	0.000256382
0.044	0.000640797	0.00071401	0.00067206	0.00062898	0.000573133	0.000351314	0.000730999	0.000646223	0.000583556	0.000611108	0.000617154	0.000569674	0.000430781	0.000438539	0.000446146	0.000408875	0.000412329	0.000531954	0.000450589	0.000421725	0.000251525	0.000183864	0.000225778	0.000491272	0.000564629	0.000467035	0.000352373	0.000138583	0.000223493	0.000440164	0.000298581
0.047	0.000686882	0.000759264	0.000723773	0.00066135	0.000622302	0.000356249	0.000753554	0.000678323	0.000638704	0.000641212	0.000663555	0.000610902	0.0004601	0.00045079	0.000464955	0.0004206	0.000446725	0.000582443	0.000530886	0.000466771	0.000272515	0.000203928	0.000219749	0.0005238	0.000568387	0.000517805	0.000363293	0.000137932	0.000230122	0.000498451	0.000330668
0.05	0.00073191	0.000819471	0.000723954	0.000692771	0.000648884	0.000350728	0.000787984	0.000687762	0.000645535	0.000690219	0.000681198	0.000624394	0.000464949	0.000495204	0.000492872	0.000435051	0.00047326	0.000619723	0.000525979	0.000492631	0.000274438	0.000212744	0.000248113	0.000562245	0.000613948	0.000563108	0.000393467	0.000161584	0.000251612	0.000541237	0.000342704
0.053	0.00074456	0.000826411	0.000770892	0.000736044	0.000670011	0.000378866	0.000831109	0.00074598	0.000682217	0.00071803	0.000727513	0.000633421	0.000496524	0.000499169	0.000512392	0.000474699	0.000505696	0.000634208	0.00056216	0.0005042	0.00029939	0.000227478	0.000250706	0.000588537	0.000643207	0.00057623	0.000416034	0.000180611	0.000289549	0.000567473	0.000354814
0.056	0.000806054	0.000865534	0.000802057	0.000754871	0.000713488	0.000404136	0.000887894	0.000789321	0.000726404	0.000731834	0.000739786	0.000681347	0.000525589	0.000531082	0.00053969	0.000493847	0.000514678	0.000676059	0.00058729	0.000535784	0.000320716	0.00021195	0.000287195	0.000626538	0.000691061	0.000630191	0.000412964	0.000174789	0.000336296	0.000623959	0.000362595
0.059	0.000835145	0.000923358	0.00085309	0.000803746	0.000722325	0.000432674	0.000916322	0.000809469	0.000747429	0.000786819	0.000789629	0.000702442	0.000544591	0.000534434	0.000575046	0.000510093	0.000519798	0.000704837	0.000617187	0.000551788	0.000326517	0.000231048	0.000271204	0.000663317	0.000723196	0.000633467	0.000456434	0.000207756	0.000332107	0.000618396	0.000383961
0.062	0.000864534	0.000958088	0.000887613	0.000818257	0.000771294	0.000433753	0.000962994	0.000829117	0.000795699	0.000813577	0.000810831	0.000732628	0.000555523	0.000590664	0.000585874	0.00052226	0.000549194	0.000726586	0.000652068	0.000572018	0.000366948	0.000231296	0.000290318	0.000678325	0.000739085	0.000652672	0.000454942	0.00022826	0.000348186	0.00068643	0.000411425
0.065	0.000887864	0.0010108	0.000920691	0.000862815	0.000795935	0.000460048	0.000985782	0.00085615	0.000822453	0.000840564	0.000850439	0.000751259	0.000583606	0.00059221	0.00062648	0.00055866	0.00059196	0.000743935	0.000654909	0.000595762	0.000364898	0.000233892	0.000320928	0.000703361	0.000760113	0.000673372	0.000480457	0.000226734	0.000410377	0.000703842	0.000433384
0.068	0.000944622	0.00102851	0.000972279	0.000908878	0.000831343	0.000465185	0.00103174	0.000923049	0.000856284	0.000872735	0.000904295	0.000805784	0.000601171	0.00061932	0.00064373	0.000568783	0.000608717	0.000786462	0.000667853	0.000640245	0.000388655	0.000243417	0.000320357	0.000743215	0.000809857	0.000713463	0.000503602	0.000246223	0.000427064	0.000756637	0.000440174
0.071	0.00095295	0.00108697	0.00100941	0.000928444	0.000863574	0.000474235	0.00109836	0.000941256	0.000917853	0.000915911	0.000932868	0.000805001	0.000631495	0.000660628	0.000654205	0.000607407	0.00064606	0.000839224	0.000735036	0.000656719	0.000414173	0.000259556	0.000313506	0.000769001	0.000846847	0.000757343	0.000536537	0.000268352	0.000433125	0.000791677	0.00049307
0.074	0.00100457	0.00112404	0.00105683	0.000974366	0.000894766	0.000518227	0.001124	0.000977096	0.000929645	0.000955056	0.000950862	0.000870312	0.000638067	0.000649638	0.000687944	0.000604571	0.000669675	0.000872816	0.00074038	0.000632906	0.000432104	0.000269664	0.000357015	0.000784887	0.000876611	0.000777864	0.000550226	0.000288988	0.000453006	0.000816562	0.000488261
0.077	0.00103777	0.00114087	0.0010754	0.00101077	0.000930174	0.000513885	0.00116258	0.00102452	0.000956482	0.00098445	0.000975956	0.000883516	0.000638902	0.000678721	0.000721621	0.000618706	0.000691097	0.000904906	0.000803831	0.000674233	0.000407723	0.000276989	0.000370449	0.000825102	0.00091139	0.000826706	0.000572661	0.00030282	0.000488571	0.000872343	0.000519911
0.08	0.00105296	0.001198	0.00109774	0.00105454	0.000976528	0.000547005	0.00118756	0.00103978	0.000986441	0.00101197	0.00102664	0.000907423	0.000680952	0.000690354	0.000727236	0.000645972	0.000700448	0.000896229	0.000820824	0.000691878	0.000447654	0.000291775	0.000370745	0.000848302	0.000938347	0.000860985	0.000574659	0.000322055	0.000525505	0.0009253	0.000544309
0.083	0.00109781	0.00123718	0.00113986	0.00106197	0.00102036	0.000562613	0.00122573	0.00108513	0.00103536	0.00102844	0.00105796	0.000964616	0.000711394	0.000724953	0.00077187	0.000663772	0.000725928	0.000937617	0.000797232	0.000711108	0.000462057	0.000306383	0.000369863	0.000900508	0.000979021	0.000869248	0.000592792	0.000364317	0.000573752	0.000945582	0.0005573
0.086	0.00112654	0.00123976	0.00116905	0.00110776	0.00102659	0.000597468	0.00127385	0.00113157	0.00105266	0.00108398	0.00108011	0.000984454	0.000740115	0.00076894	0.000769851	0.000702593	0.000756796	0.000955875	0.000848724	0.000707402	0.000486513	0.000308929	0.000392364	0.000919349	0.00101253	0.000899662	0.000622787	0.000341961	0.000596125	0.000992705	0.000600888
0.089	0.00117733	0.00129087	0.00120439	0.00114922	0.00101593	0.000630507	0.00129322	0.00117347	0.00108171	0.0011154	0.00112703	0.00102744	0.000754173	0.000763368	0.000800845	0.000697587	0.000770101	0.000994471	0.000764277	0.000760755	0.000490234	0.000273556	0.000407943	0.000947177	0.00102279	0.000943655	0.000628989	0.000375956	0.000631569	0.00104965	0.000615517
0.092	0.001211	0.0013222	0.00125899	0.0011919	0.00107606	0.000652235	0.0013602	0.00118161	0.00111233	0.00113048	0.00115502	0.00104497	0.00079859	0.000814521	0.000826519	0.000749575	0.000786512	0.00106479	0.000830663	0.000778567	0.000513212	0.00031918	0.00042603	0.000988875	0.00106818	0.000972787	0.000672048	0.000385826	0.000671338	0.00112657	0.000655833
0.095	0.0012503	0.00138235	0.00130057	0.001199	0.00110248	0.000631616	0.00137888	0.00122508	0.00114871	0.00116994	0.00120663	0.00109133	0.000784157	0.000812968	0.000834543	0.000744864	0.000819576	0.00107872	0.00081066	0.000793907	0.000533107	0.00032164	0.000424144	0.00101681	0.00110615	0.000995609	0.000690515	0.000436995	0.000704864	0.00115388	0.000706807
0.098	0.00127085	0.00142384	0.00134254	0.00124352	0.00112665	0.000672596	0.00142787	0.00125317	0.00120046	0.00121104	0.001206	0.0010867	0.000827027	0.000834822	0.000857208	0.000773974	0.000840216	0.00110093	0.000814237	0.000811628	0.000545976	0.000342129	0.000430488	0.00102485	0.00116812	0.00101681	0.000715644	0.000439384	0.000714434	0.00121281	0.000754317
0.101	0.0013126	0.00147647	0.00137903	0.00126618	0.00118218	0.000687243	0.0014587	0.00129506	0.00122494	0.00124165	0.00122414	0.00114015	0.000858276	0.000864018	0.000892055	0.000777739	0.000867631	0.00112115	0.000848061	0.000819771	0.000565244	0.000325816	0.000453428	0.00107546	0.00117853	0.00106428	0.000727847	0.000469429	0.000757004	0.00126918	0.000794139
0.104	0.00135418	0.00150782	0.0013904	0.00130113	0.00120984	0.000724627	0.00149826	0.00132734	0.00121585	0.00124801	0.00129148	0.00116719	0.000865652	0.000894217	0.000922933	0.00080959	0.000904669	0.00114516	0.0008689	0.000841001	0.000574786	0.000347559	0.000467885	0.00113395	0.00122442	0.00107971	0.00073423	0.000479015	0.00080155	0.00132831	0.000819884
0.107	0.00138794	0.00155227	0.00142248	0.00133594	0.00122974	0.000729929	0.00155749	0.00134821	0.0012855	0.00131675	0.00133107	0.00118997	0.000892441	0.000918835	0.0009506	0.000808526	0.000907513	0.0012056	0.000883842	0.000852195	0.00058897	0.000354104	0.00048441	0.00116758	0.00125174	0.00110202	0.000754812	0.000516017	0.00082819	0.00137493	0.000916098
0.11	0.00142022	0.00157516	0.00146836	0.00138196	0.00127215	0.000760218	0.00158155	0.00139005	0.00131108	0.0013407	0.00133686	0.00122633	0.000896217	0.000931995	0.000977932	0.000824822	0.000925493	0.00120897	0.000911249	0.000864985	0.00061969	0.00037622	0.00049129	0.00119914	0.00127739	0.00112181	0.00079701	0.000519271	0.000905504	0.00142526	0.000970521
0.113	0.00147302	0.00159714	0.00153256	0.00142257	0.0012915	0.00078996	0.00161843	0.00141237	0.00133645	0.00136421	0.00135779	0.00124269	0.000945575	0.0009418	0.000961151	0.000899314	0.000943906	0.001292	0.000938277	0.0008878	0.000619454	0.000395338	0.000499504	0.00122591	0.00132054	0.0011637	0.000809221	0.000562656	0.000909295	0.00152606	0.00104636
0.116	0.0014884	0.00165153	0.0015443	0.0014592	0.00135202	0.000810185	0.0016567	0.00144557	0.0013519	0.00140981	0.00143292	0.00129003	0.000948673	0.00097719	0.000980279	0.000898707	0.000976631	0.00128995	0.000956619	0.000937167	0.000659361	0.000407364	0.000523295	0.00126943	0.00136642	0.00119799	0.000845451	0.000560931	0.000968221	0.00161216	0.00114948
0.119	0.00153378	0.0017077	0.00158953	0.00149821	0.00136365	0.000837044	0.00168008	0.00146505	0.00142052	0.00142532	0.00146416	0.00129835	0.000987985	0.000975548	0.00101157	0.000923297	0.000991867	0.00129694	0.000988042	0.000950405	0.000641023	0.000392159	0.000541233	0.00129602	0.00138546	0.00122495	0.000857538	0.00060117	0.00100798	0.00167168	0.00124221
0.122	0.00155909	0.00174019	0.00162536	0.00151879	0.00139883	0.000852167	0.00174972	0.00152329	0.00143277	0.00146057	0.00150764	0.00133458	0.00099276	0.00100278	0.00104485	0.000951375	0.00101921	0.00132688	0.000986203	0.000972958	0.0006807	0.000371668	0.000545524	0.00131404	0.00142959	0.00123477	0.000894956	0.000637429	0.00107819	0.00178731	0.0013517
0.125	0.00158306	0.00177497	0.00165017	0.00156154	0.00140506	0.000867351	0.00176636	0.00151873	0.0014287	0.00149744	0.00153919	0.0013653	0.00101478	0.00102877	0.00107794	0.000958268	0.00103922	0.00136949	0.00104427	0.00098166	0.000723053	0.000398857	0.00056671	0.00134209	0.00145291	0.00129281	0.000894521	0.000661304	0.00111954	0.00187507	0.00149161
0.128	0.00165893	0.00181784	0.00166483	0.00157784	0.00144104	0.000880858	0.00180481	0.00156289	0.00149203	0.00151502	0.0015594	0.00139101	0.00102217	0.00103641	0.00109149	0.000975869	0.00108168	0.00141459	0.001017	0.00100568	0.000712928	0.000422503	0.000569798	0.00139704	0.00147565	0.00133273	0.000907283	0.000673443	0.00116904	0.00198105	0.00158478
0.131	0.00166629	0.0018543	0.00172024	0.00161952	0.00147815	0.000904467	0.00181464	0.00161215	0.00152273	0.00160899	0.00157569	0.00141046	0.00104013	0.0010619	0.00109662	0.000985242	0.00106472	0.00142893	0.00108475	0.00102316	0.000722577	0.000409699	0.000597732	0.00140509	0.0015369	0.00134089	0.000925242	0.000736687	0.00124098	0.00210845	0.00169013
0.134	0.00167662	0.00187094	0.00175037	0.00162723	0.00151303	0.000948054	0.00189483	0.00164951	0.00157426	0.00161959	0.0015966	0.00144669	0.00107089	0.00107755	0.0011199	0.00103484	0.00110503	0.00146348	0.00105864	0.00104475	0.000758593	0.000430338	0.00061298	0.00143109	0.00157411	0.00138601	0.000972835	0.000759233	0.00130802	0.00224597	0.00181748
0.137	0.00175692	0.00192622	0.00179331	0.00166822	0.00153728	0.000969786	0.00192642	0.00166943	0.00158414	0.00165229	0.00164149	0.00150162	0.00110225	0.00112025	0.00115015	0.00104628	0.00112358	0.00152569	0.00110746	0.00106327	0.000771122	0.000448047	0.000626762	0.00148657	0.00161181	0.0013957	0.000964185	0.000795742	0.00135506	0.00235132	0.00187748
0.14	0.00179936	0.00194664	0.00182785	0.00171245	0.00156746	0.000975347	0.00195603	0.00172228	0.00162012	0.00166323	0.00169807	0.00150889	0.00107985	0.00110506	0.00116651	0.00104237	0.00115155	0.00153782	0.00113954	0.00108126	0.000788784	0.000465481	0.000643154	0.00148798	0.00162371	0.00141967	0.0010147	0.000822264	0.0014494	0.00256617	0.00195725
0.143	0.00180971	0.00197659	0.00186907	0.00174131	0.00160819	0.00101906	0.00198866	0.00174828	0.00162364	0.0017059	0.00173196	0.00151629	0.00113702	0.0011661	0.0011727	0.00105111	0.00116949	0.00104196	0.00114753	0.00108812	0.000799406	0.000454446	0.000614949	0.00154676	0.00166684	0.00144426	0.00102456	0.000866136	0.00150251	0.00279145	0.00199997
0.146	0.0018574	0.00203026	0.00189052	0.00176477	0.00160394	0.00105453	0.00204732	0.00176559	0.00166991	0.00174631	0.0017558	0.00155072	0.00114368	0.00114626	0.00121156	0.00107662	0.00119178	0.00110145	0.00116586	0.00111478	0.000828746	0.000495136	0.0006479	0.00157357	0.0016934	0.00148919	0.00103845	0.000927568	0.00161059	0.00307651	0.00206927
0.149	0.0018851	0.00208094	0.00192099	0.00179434	0.00168457	0.00106634	0.00207171	0.0017991	0.00169154	0.00175447	0.00180122	0.00159935	0.00115171	0.00117843	0.00123395	0.0010927	0.00121511	0.00112119	0.00120756	0.00111786	0.000839275	0.000473094	0.000653856	0.00164419	0.00175078	0.00153593	0.0010584	0.000979978	0.00173432	0.00331286	0.00212311
